1.000000000000000000e+00 0.000000000000000000e+00 0.000000000000000000e+00 -2.285255443162802713e+00 0.000000000000000000e+00 1.000000000000000000e+00 0.000000000000000000e+00 -2.045710863553584957e+01 0.000000000000000000e+00 0.000000000000000000e+00 1.000000000000000000e+00 3.972294948915135819e+02
9.999999713020777392e-01 -9.633478531787739447e-05 2.193523486915538445e-04 -2.285255443162802713e+00 9.633076649428428371e-05 9.999999951921640928e-01 1.833180701329060292e-05 -2.045710863553584957e+01 -2.193541136276368686e-04 -1.831067610732404994e-05 9.999999757742457085e-01 3.972294948915135819e+02
9.999997722982802983e-01 -6.283378213630971907e-04 2.461604560702871009e-04 -2.285255443162802713e+00 6.286375129164458939e-04 9.999990590796563605e-01 -1.219284494902616884e-03 -2.045710863553584957e+01 -2.453941018897572266e-04 1.219438962966322556e-03 9.999992263748759269e-01 3.972294948915135819e+02
9.999998236054901124e-01 -5.700223645804903616e-04 1.669236139340293204e-04 -2.285255443162802713e+00 5.703002649511884148e-04 9.999984436831059753e-01 -1.669547535727242474e-03 -2.045710863553584957e+01 -1.659716747138941038e-04 1.669642437809476000e-03 9.999985923727758852e-01 3.972294948915135819e+02
9.999998927663669157e-01 -4.580174505130635569e-04 -6.846364035940738469e-05 -2.285255443162802713e+00 4.579392707929107534e-04 9.999992480754129609e-01 -1.137602845151944016e-03 -2.045710863553584957e+01 6.898463083474583877e-05 1.137571370973115489e-03 9.999993505860375054e-01 3.972294948915135819e+02
9.999948613721578727e-01 -2.758354528227710024e-03 1.633618552692630036e-03 -2.285255443162802713e+00 2.758545687610894272e-03 9.999961886190146254e-01 -1.147742740804115198e-04 -2.045710863553584957e+01 -1.633295738211306639e-03 1.192800957118620705e-04 9.999986590577460976e-01 3.972294948915135819e+02
9.999962582260967237e-01 -1.956923970233827911e-03 1.911539270049177107e-03 -2.285255443162802713e+00 1.956640712687740796e-03 9.999980745204329891e-01 1.500418226398442202e-04 -2.045710863553584957e+01 -1.911829209858631863e-03 -1.463010656575887620e-04 9.999981617508457710e-01 3.972294948915135819e+02
9.999983773021603461e-01 -6.023967958077149163e-04 1.697795967376300799e-03 -2.285255443162802713e+00 6.057430517413998515e-04 9.999978738851552640e-01 -1.971116568078737884e-03 -2.045710863553584957e+01 -1.696604963362316563e-03 1.972141797662653982e-03 9.999966160884388167e-01 3.972294948915135819e+02
9.999943823559398481e-01 2.983531252246587970e-03 1.527677266127609604e-03 -2.285255443162802713e+00 -2.976382018719948841e-03 9.999847085240821665e-01 -4.660887049239366767e-03 -2.045710863553584957e+01 -1.541559807862081122e-03 4.656313914889610717e-03 9.999879710946952827e-01 3.972294948915135819e+02
9.999665516742518578e-01 7.927698928096102091e-03 2.011746110095288375e-03 -2.285255443162802713e+00 -7.915055559814688363e-03 9.999493504986007864e-01 -6.216778338667463925e-03 -2.045710863553584957e+01 -2.060928963129534525e-03 6.200647315606843714e-03 9.999786520444707838e-01 3.972294948915135819e+02
9.999424519491264540e-01 1.049653244290027140e-02 2.217114486039649130e-03 -2.285255443162802713e+00 -1.048230361980551431e-02 9.999249936378513670e-01 -6.334698822030595221e-03 -2.045710863553584957e+01 -2.283440560049029584e-03 6.311093805257981214e-03 9.999774777434691231e-01 3.972294948915135819e+02
9.999148751914771482e-01 1.270652059248862133e-02 2.964237717468447275e-03 -2.285255443162802713e+00 -1.268829633750940059e-02 9.999009673986554159e-01 -6.087900400420101846e-03 -2.045710863553584957e+01 -3.041300193099238675e-03 6.049771042490148347e-03 9.999770751189596130e-01 3.972294948915135819e+02
9.999291297527468370e-01 1.131162927970249740e-02 3.712480970102076134e-03 -2.285255443162802713e+00 -1.129648469476564158e-02 9.999278880896683708e-01 -4.075298035405939233e-03 -2.045710863553584957e+01 -3.758311516588062114e-03 4.033071233568173534e-03 9.999848046000348045e-01 3.972294948915135819e+02
9.999577949764868467e-01 8.426437896161684954e-03 3.661066804188948653e-03 -2.285255443162802713e+00 -8.416047446120119430e-03 9.999605393007811038e-01 -2.844290188502459921e-03 -2.045710863553584957e+01 -3.684889570565044216e-03 2.813358433240706943e-03 9.999892532438432458e-01 3.972294948915135819e+02
9.999674698390105254e-01 7.548364954862597093e-03 2.842789171944580615e-03 -2.285255443162802713e+00 -7.530697235752902702e-03 9.999525767701507029e-01 -6.175176910810587644e-03 -2.045710863553584957e+01 -2.889266846683904121e-03 6.153567846752549565e-03 9.999768926029463101e-01 3.972294948915135819e+02
9.999638581434920903e-01 8.281512365048385171e-03 1.923267981808871822e-03 -2.285255443162802713e+00 -8.262933523071325920e-03 9.999209708580946154e-01 -9.475018089655326547e-03 -2.045710863553584957e+01 -2.001583467059152126e-03 9.458783809430382217e-03 9.999532614439892164e-01 3.972294948915135819e+02
9.999161158028201379e-01 1.282203776333642499e-02 1.832131380921075145e-03 -2.285255443162802713e+00 -1.279768166415810177e-02 9.998369582840808123e-01 -1.273876733678022677e-02 -2.045710863553584957e+01 -1.995169622927491903e-03 1.271425172132917801e-02 9.999171801211050870e-01 3.972294948915135819e+02
9.998356928905485219e-01 1.800449274611479536e-02 2.103678452596543461e-03 -2.285255443162802713e+00 -1.797694937379828994e-02 9.997608785570086809e-01 -1.245050192283915502e-02 -2.045710863553584957e+01 -2.327340389524613310e-03 1.241063849581591425e-02 9.999202765915078395e-01 3.972294948915135819e+02
9.997912341423638161e-01 2.029880647442640351e-02 2.333792579253280222e-03 -2.285255443162802713e+00 -2.027443175665393643e-02 9.997441178078575463e-01 -1.003226422768253336e-02 -2.045710863553584957e+01 -2.536838393350132007e-03 9.982853515054750451e-03 9.999469521362936986e-01 3.972294948915135819e+02
9.998068952483066818e-01 1.937739958230839596e-02 3.269342345021784748e-03 -2.285255443162802713e+00 -1.934709660958695496e-02 9.997717866036988088e-01 -9.058949388749076501e-03 -2.045710863553584957e+01 -3.444135119403252988e-03 8.993947780377809648e-03 9.999536223428581172e-01 3.972294948915135819e+02
9.998386605988850429e-01 1.791349229442986205e-02 1.326486202346587387e-03 -2.285255443162802713e+00 -1.789574373043435404e-02 9.997634328668983938e-01 -1.236206530194691733e-02 -2.045710863553584957e+01 -1.547620160838263049e-03 1.233633235659540445e-02 9.999227069008012059e-01 3.972294948915135819e+02
9.998435296607114386e-01 1.762679215478546446e-02 1.487411826614559686e-03 -2.285255443162802713e+00 -1.760245602725446501e-02 9.997319857157070944e-01 -1.503696374731777578e-02 -2.045710863553584957e+01 -1.752066613611413673e-03 1.500842880722596216e-02 9.998858321465107224e-01 3.972294948915135819e+02
9.998147021713758020e-01 1.901440602261657634e-02 3.002280061902676961e-03 -2.285255443162802713e+00 -1.895961833711911140e-02 9.996700605677905083e-01 -1.732924917303841489e-02 -2.045710863553584957e+01 -3.330794871166960821e-03 1.726911601668014787e-02 9.998453297573225429e-01 3.972294948915135819e+02
9.997517517252316743e-01 2.208352963515127984e-02 2.958486299446780494e-03 -2.285255443162802713e+00 -2.202608689732067984e-02 9.995914513268284729e-01 -1.821488211097401291e-02 -2.045710863553584957e+01 -3.359526502693023758e-03 1.814519642159870966e-02 9.998297182163069508e-01 3.972294948915135819e+02
9.997204064009437285e-01 2.331843759026256888e-02 3.919119018463890561e-03 -2.285255443162802713e+00 -2.323325795889094950e-02 9.995192252672338018e-01 -2.053129430416947288e-02 -2.045710863553584957e+01 -4.395992509944195853e-03 2.043449998257412456e-02 9.997815293654485069e-01 3.972294948915135819e+02
9.996926510632523355e-01 2.449417845714026848e-02 3.826046502088994560e-03 -2.285255443162802713e+00 -2.441289707034950685e-02 9.995015902863936264e-01 -2.001453151094615204e-02 -2.045710863553584957e+01 -4.314379069912813516e-03 1.991497518652489765e-02 9.997923683928386929e-01 3.972294948915135819e+02
9.996783133398587928e-01 2.469115576529874387e-02 5.797988008698215338e-03 -2.285255443162802713e+00 -2.457362216866911669e-02 9.995071215540468623e-01 -1.953589148861943625e-02 -2.045710863553584957e+01 -6.277494045138306937e-03 1.938712948626936453e-02 9.997923445790112273e-01 3.972294948915135819e+02
9.996219686621401479e-01 2.697661723598792152e-02 5.308661839908994894e-03 -2.285255443162802713e+00 -2.687338969029855890e-02 9.994650370196339617e-01 -1.864029779522515667e-02 -2.045710863553584957e+01 -5.808674081135978794e-03 1.849058944015364095e-02 9.998121610620543942e-01 3.972294948915135819e+02
9.995207310486042829e-01 3.054737478296768588e-02 5.016582296029309905e-03 -2.285255443162802713e+00 -3.044835440853473074e-02 9.993604086096069539e-01 -1.875290424044719767e-02 -2.045710863553584957e+01 -5.586225727285615630e-03 1.859116988002718421e-02 9.998115634881487024e-01 3.972294948915135819e+02
9.994490108135660744e-01 3.279172323385304288e-02 5.135919697459334285e-03 -2.285255443162802713e+00 -3.268712570961614106e-02 9.992797710772945985e-01 -1.927409994145740102e-02 -2.045710863553584957e+01 -5.764251610410425948e-03 1.909560166802607567e-02 9.998010459087890434e-01 3.972294948915135819e+02
9.993223625673849364e-01 3.647916198421100042e-02 4.907791119198658646e-03 -2.285255443162802713e+00 -3.637921621076870005e-02 9.991553347370334404e-01 -1.910941376433896582e-02 -2.045710863553584957e+01 -5.600741078655008080e-03 1.891792291601431669e-02 9.998053530022302793e-01 3.972294948915135819e+02
9.992768352356118378e-01 3.774057178130823392e-02 4.632040923804376341e-03 -2.285255443162802713e+00 -3.764461095605756147e-02 9.991047952947690325e-01 -1.930003328921845937e-02 -2.045710863553584957e+01 -5.356288590707950284e-03 1.911170480668303653e-02 9.998030070528473034e-01 3.972294948915135819e+02
9.993050078413578952e-01 3.705552371930808525e-02 4.048390429728474828e-03 -2.285255443162802713e+00 -3.697035696644733471e-02 9.991279913479529373e-01 -1.940230941868841680e-02 -2.045710863553584957e+01 -4.763822935120448979e-03 1.923915452645627924e-02 9.998035611679678691e-01 3.972294948915135819e+02
9.992619863899876442e-01 3.830059028156907602e-02 2.923583421028076983e-03 -2.285255443162802713e+00 -3.823235853857206989e-02 9.990560404379618120e-01 -2.062316234237468807e-02 -2.045710863553584957e+01 -3.710702967687955992e-03 2.049616667831435576e-02 9.997830453828374653e-01 3.972294948915135819e+02
9.992669270895775391e-01 3.827737161233106533e-02 6.717495105017915781e-04 -2.285255443162802713e+00 -3.825588639352901776e-02 9.990620438374427925e-01 -2.028594882171992977e-02 -2.045710863553584957e+01 -1.447612240466421979e-03 2.024537936921784465e-02 9.997939932971182664e-01 3.972294948915135819e+02
9.991928473932151222e-01 4.014734248124104260e-02 -1.358164177703040680e-03 -2.285255443162802713e+00 -4.016651761896777861e-02 9.989918397108453751e-01 -2.004881676075593450e-02 -2.045710863553584957e+01 5.518882176752157960e-04 2.008718703141769771e-02 9.997980797823931010e-01 3.972294948915135819e+02
9.992051989421534275e-01 3.980591296223353476e-02 -2.111800230893670118e-03 -2.285255443162802713e+00 -3.983955496048476042e-02 9.990161677930409212e-01 -1.948092268497396765e-02 -2.045710863553584957e+01 1.334266660989780239e-03 1.954957240838037583e-02 9.998079985432839489e-01 3.972294948915135819e+02
9.991708933493930189e-01 4.058715204817420208e-02 -3.195148196007305524e-03 -2.285255443162802713e+00 -4.064104268910352646e-02 9.989903660205725622e-01 -1.914560647317058509e-02 -2.045710863553584957e+01 2.414856624838228848e-03 1.925958687774572548e-02 9.998116006432313796e-01 3.972294948915135819e+02
9.991567258708088373e-01 4.083964765324908652e-02 -4.237962562843903928e-03 -2.285255443162802713e+00 -4.091030409917186667e-02 9.989971181856780458e-01 -1.819628740222319421e-02 -2.045710863553584957e+01 3.490582421155801092e-03 1.835431928101642976e-02 9.998254521655727256e-01 3.972294948915135819e+02
9.992128138069081844e-01 3.929250880460392198e-02 -5.463650420865402008e-03 -2.285255443162802713e+00 -3.937906478512526176e-02 9.990838205069979550e-01 -1.675735235024452055e-02 -2.045710863553584957e+01 4.800206321629040679e-03 1.695931463772817546e-02 9.998446577675397240e-01 3.972294948915135819e+02
9.992245803596401243e-01 3.890940675801494303e-02 -6.024622049625392647e-03 -2.285255443162802713e+00 -3.900687773165609912e-02 9.990941784498889033e-01 -1.700841195319976670e-02 -2.045710863553584957e+01 5.357377598146635493e-03 1.723022499218910750e-02 9.998371956733704824e-01 3.972294948915135819e+02
9.992288520635728144e-01 3.868456725165763527e-02 -6.723500596196451892e-03 -2.285255443162802713e+00 -3.880595740988364295e-02 9.990666029763943801e-01 -1.897420582555233923e-02 -2.045710863553584957e+01 5.983215959446379177e-03 1.922048578366594707e-02 9.997973664963429874e-01 3.972294948915135819e+02
9.991907308917628017e-01 3.971848753150124256e-02 -6.350200642144521006e-03 -2.285255443162802713e+00 -3.983508174605235319e-02 9.990173296094476685e-01 -1.943042465552484444e-02 -2.045710863553584957e+01 5.572213408587182656e-03 1.966766097477485806e-02 9.997910449436475666e-01 3.972294948915135819e+02
9.992265571498789578e-01 3.882840496471971076e-02 -6.216305518245827423e-03 -2.285255443162802713e+00 -3.893914299291582198e-02 9.990644741859896483e-01 -1.881274999700105477e-02 -2.045710863553584957e+01 5.480020928582149051e-03 1.904025701948738186e-02 9.998036997247281565e-01 3.972294948915135819e+02
9.992859278868155837e-01 3.735591839169889045e-02 -5.671832904757331470e-03 -2.285255443162802713e+00 -3.745354183763651562e-02 9.991324252133044759e-01 -1.821068618140103332e-02 -2.045710863553584957e+01 4.986635258685559631e-03 1.841011266923135020e-02 9.998180840634476318e-01 3.972294948915135819e+02
9.993429978168720806e-01 3.586789598039548388e-02 -5.202571703272655841e-03 -2.285255443162802713e+00 -3.595964562057307051e-02 9.991769873554829928e-01 -1.876837302656080356e-02 -2.045710863553584957e+01 4.525107869538914397e-03 1.894312479927389575e-02 9.998103227220693778e-01 3.972294948915135819e+02
9.993861762242896019e-01 3.470742781724256432e-02 -4.760800994046454453e-03 -2.285255443162802713e+00 -3.479543753466532441e-02 9.991972613510765600e-01 -1.985221487089004755e-02 -2.045710863553584957e+01 4.067960000444896529e-03 2.000568326300509667e-02 9.997915904520379149e-01 3.972294948915135819e+02
9.993391402380552568e-01 3.609819083132936868e-02 -4.266545085917468512e-03 -2.285255443162802713e+00 -3.617759003354480141e-02 9.991394385758205487e-01 -2.028704664950965048e-02 -2.045710863553584957e+01 3.530547780443926698e-03 2.042799307566824443e-02 9.997850930731417840e-01 3.972294948915135819e+02
9.992344823411106747e-01 3.898090341341329396e-02 -3.307335720384538703e-03 -2.285255443162802713e+00 -3.904018886236990810e-02 9.990312820747621059e-01 -2.030667598716907885e-02 -2.045710863553584957e+01 2.512559269684107657e-03 2.042024987926262594e-02 9.997883278178362199e-01 3.972294948915135819e+02
9.990853313225074306e-01 4.264286273759065188e-02 -3.176002792694059516e-03 -2.285255443162802713e+00 -4.269567491033300632e-02 9.989073986836563002e-01 -1.900232088462187885e-02 -2.045710863553584957e+01 2.362219326683469810e-03 1.912054163966022194e-02 9.998143951790546824e-01 3.972294948915135819e+02
9.988665474479935247e-01 4.756163513279949157e-02 -1.873833722703802497e-03 -2.285255443162802713e+00 -4.758776309550750289e-02 9.987038095362253953e-01 -1.805839476245530567e-02 -2.045710863553584957e+01 1.012518094525780227e-03 1.812709798410305773e-02 9.998351779797424177e-01 3.972294948915135819e+02
9.986590605645780938e-01 5.175342022966280403e-02 -1.290056900709714858e-03 -2.285255443162802713e+00 -5.176816369717516381e-02 9.985020452068577024e-01 -1.771222586646274688e-02 -2.045710863553584957e+01 3.714561853221225456e-04 1.775525872112391004e-02 9.998422939684280530e-01 3.972294948915135819e+02
9.983540797256520438e-01 5.734829956015583680e-02 -5.513916086737936928e-04 -2.285255443162802713e+00 -5.734864717928068317e-02 9.981816856724273768e-01 -1.855950039353464545e-02 -2.045710863553584957e+01 -5.139667828436146179e-04 1.856057449837859516e-02 9.998276055963030151e-01 3.972294948915135819e+02
9.981683440957558329e-01 6.049756749002497408e-02 -3.424803293366080479e-05 -2.285255443162802713e+00 -6.048759508456810069e-02 9.979932030146447808e-01 -1.873012486491095613e-02 -2.045710863553584957e+01 -1.098947689027129047e-03 1.869788930226343182e-02 9.998245752378850382e-01 3.972294948915135819e+02
9.980399142181092254e-01 6.257424185102984648e-02 8.910018401317322924e-04 -2.285255443162802713e+00 -6.254666541902650923e-02 9.978665603130194572e-01 -1.871476566840436437e-02 -2.045710863553584957e+01 -2.060163214564906479e-03 1.862235392832383221e-02 9.998244664248308045e-01 3.972294948915135819e+02
9.980509031614909210e-01 6.239730497951186117e-02 9.854084570312042317e-04 -2.285255443162802713e+00 -6.236991491468263371e-02 9.978941173773998585e-01 -1.781359641159392659e-02 -2.045710863553584957e+01 -2.094853710561542584e-03 1.771741614552434924e-02 9.998408397105299494e-01 3.972294948915135819e+02
9.980577231103203717e-01 6.228037863246652095e-02 1.391322119768899400e-03 -2.285255443162802713e+00 -6.224438193184420043e-02 9.978915873148768156e-01 -1.838523549259579032e-02 -2.045710863553584957e+01 -2.533428066288413456e-03 1.826292428917406299e-02 9.998300092208878276e-01 3.972294948915135819e+02
9.981294793336955573e-01 6.112466018157543257e-02 1.148217198110724861e-03 -2.285255443162802713e+00 -6.109087794421235590e-02 9.979429474190389948e-01 -1.943652048610339245e-02 -2.045710863553584957e+01 -2.333905964785145271e-03 1.933001847614983573e-02 9.998104336666321368e-01 3.972294948915135819e+02
9.981465583734530078e-01 6.082826541739368154e-02 1.835792347539217610e-03 -2.285255443162802713e+00 -6.078212097341206127e-02 9.979673273949414281e-01 -1.915064547662652036e-02 -2.045710863553584957e+01 -2.996961328692445466e-03 1.900356752057468651e-02 9.998149241956159061e-01 3.972294948915135819e+02
9.980941817229285196e-01 6.169762277297845959e-02 1.186488517595746944e-03 -2.285255443162802713e+00 -6.166500129499385280e-02 9.979238589520857960e-01 -1.858492263815320414e-02 -2.045710863553584957e+01 -2.330670746275250328e-03 1.847633833693739652e-02 9.998265814107621940e-01 3.972294948915135819e+02
9.980772597505515042e-01 6.197519684580245214e-02 9.265769020932869242e-04 -2.285255443162802713e+00 -6.194582084913001496e-02 9.978927980822630550e-01 -1.930489095745823933e-02 -2.045710863553584957e+01 -2.121048834643490116e-03 1.921037509982309252e-02 9.998132138756544718e-01 3.972294948915135819e+02
9.980648644731001662e-01 6.218093437331752293e-02 2.402181397773314969e-04 -2.285255443162802713e+00 -6.216503529545264195e-02 9.978833976866969824e-01 -1.908488951942110753e-02 -2.045710863553584957e+01 -1.426425956236118979e-03 1.903302450254723902e-02 9.998178380521508535e-01 3.972294948915135819e+02
9.981031618531833738e-01 6.156279316463333928e-02 -3.174845633163790419e-04 -2.285255443162802713e+00 -6.155798166632499291e-02 9.979288687729021001e-01 -1.867050515664175209e-02 -2.045710863553584957e+01 -8.325814361143811428e-04 1.865463393916825738e-02 9.998256405197597507e-01 3.972294948915135819e+02
9.982398031578730846e-01 5.929452327329220312e-02 -1.206192822483321278e-03 -2.285255443162802713e+00 -5.930659868789256439e-02 9.980818153934825077e-01 -1.775998685032084690e-02 -2.045710863553584957e+01 1.508091683490319929e-04 1.780026097121392009e-02 9.998415514300009743e-01 3.972294948915135819e+02
9.983441441457601151e-01 5.740973176794089694e-02 -3.618362641284973875e-03 -2.285255443162802713e+00 -5.746198864131969036e-02 9.982107655110106226e-01 -1.653443314138668824e-02 -2.045710863553584957e+01 2.662651170471558998e-03 1.671497281646666666e-02 9.998567497259239767e-01 3.972294948915135819e+02
9.984304287106235964e-01 5.576963554013782826e-02 -5.140698050041843034e-03 -2.285255443162802713e+00 -5.584661607464062871e-02 9.983063407599274131e-01 -1.629740689604567208e-02 -2.045710863553584957e+01 4.223091016447176951e-03 1.655891754444668504e-02 9.998539732141004110e-01 3.972294948915135819e+02
9.984914388834892351e-01 5.465687400225249098e-02 -5.241431167382572601e-03 -2.285255443162802713e+00 -5.473889775032202837e-02 9.983551849540119871e-01 -1.704634120625516530e-02 -2.045710863553584957e+01 4.301110259026264329e-03 1.730753592346932768e-02 9.998409621788844071e-01 3.972294948915135819e+02
9.985391421072142837e-01 5.375770410817085759e-02 -5.448938319361183724e-03 -2.285255443162802713e+00 -5.384605715248731717e-02 9.983936687760401885e-01 -1.762623831250457324e-02 -2.045710863553584957e+01 4.492639415857643988e-03 1.789389272731031766e-02 9.998297979126959945e-01 3.972294948915135819e+02
9.985043299995501886e-01 5.440784950877688292e-02 -5.374838042316524254e-03 -2.285255443162802713e+00 -5.449808779163881761e-02 9.983447008675467860e-01 -1.837978989931341248e-02 -2.045710863553584957e+01 4.365936234723226048e-03 1.864521819444242903e-02 9.998166304074341815e-01 3.972294948915135819e+02
9.985121051841246986e-01 5.428864709935884297e-02 -5.130165386234967519e-03 -2.285255443162802713e+00 -5.437599704877595086e-02 9.983438798877249942e-01 -1.878159832588410100e-02 -2.045710863553584957e+01 4.102041652683702938e-03 1.903261114100279761e-02 9.998104485188354928e-01 3.972294948915135819e+02
9.984343027344161348e-01 5.571724860019921372e-02 -4.952911433206577327e-03 -2.285255443162802713e+00 -5.580468840258596963e-02 9.982465799134606632e-01 -1.973834956040201871e-02 -2.045710863553584957e+01 3.844460369398197425e-03 1.998384095968384205e-02 9.997929116696948615e-01 3.972294948915135819e+02
9.983297486013573696e-01 5.744924973792397971e-02 -6.107107506944083573e-03 -2.285255443162802713e+00 -5.754568612863280447e-02 9.981980696705928802e-01 -1.700316776034945312e-02 -2.045710863553584957e+01 5.119283693702247201e-03 1.732620588736478659e-02 9.998367844423470263e-01 3.972294948915135819e+02
9.982210164265317154e-01 5.924493777798735261e-02 -6.696246117459505112e-03 -2.285255443162802713e+00 -5.934134011200586922e-02 9.981211949795082417e-01 -1.525403180765969556e-02 -2.045710863553584957e+01 5.779941011327344690e-03 1.562425935397456292e-02 9.998612277719071129e-01 3.972294948915135819e+02
9.981807527538802960e-01 5.992538695245211433e-02 -6.643254495885661873e-03 -2.285255443162802713e+00 -6.001026436939105313e-02 9.981076430054436344e-01 -1.341272322957623268e-02 -2.045710863553584957e+01 5.826920457155264355e-03 1.378698562834910005e-02 9.998879767380293160e-01 3.972294948915135819e+02
9.981958842414435651e-01 5.972620340757815033e-02 -6.144697711088697653e-03 -2.285255443162802713e+00 -5.980935384285680084e-02 9.981062514058526292e-01 -1.437887678006705312e-02 -2.045710863553584957e+01 5.274265479098083458e-03 1.472044602153768471e-02 9.998777378222715173e-01 3.972294948915135819e+02
9.981943343378291145e-01 5.983276109419166655e-02 -5.302036939246296612e-03 -2.285255443162802713e+00 -5.991287891696524953e-02 9.980668681017146326e-01 -1.652191688379700540e-02 -2.045710863553584957e+01 4.303235496786840704e-03 1.680974412296102477e-02 9.998494460001364770e-01 3.972294948915135819e+02
9.982132525692395397e-01 5.949074624167460801e-02 -5.581532652402835040e-03 -2.285255443162802713e+00 -5.958232575524961827e-02 9.980610921496767540e-01 -1.800007762731040128e-02 -2.045710863553584957e+01 4.499872524469494123e-03 1.830047673156533564e-02 9.998224060795302126e-01 3.972294948915135819e+02
9.983496384535769375e-01 5.715658344063709317e-02 -5.578921849870919006e-03 -2.285255443162802713e+00 -5.724000661645547300e-02 9.982296920126633166e-01 -1.615746350299997192e-02 -2.045710863553584957e+01 4.645540029061105171e-03 1.645013537014618221e-02 9.998538953287836595e-01 3.972294948915135819e+02
9.984852115763016567e-01 5.479092381384276927e-02 -5.023637233623444442e-03 -2.285255443162802713e+00 -5.485780663892898118e-02 9.983915589073836250e-01 -1.431489270828217343e-02 -2.045710863553584957e+01 4.231230813279670926e-03 1.456879439450742275e-02 9.998849168357804018e-01 3.972294948915135819e+02
9.985478825608283815e-01 5.375196405866592558e-02 -3.585051341773659410e-03 -2.285255443162802713e+00 -5.379886268946897088e-02 9.984449680738359811e-01 -1.460575576119368425e-02 -2.045710863553584957e+01 2.794388413754933173e-03 1.477741817341135175e-02 9.998869032573241000e-01 3.972294948915135819e+02
9.985029343927853684e-01 5.466930879717740721e-02 -1.776706120056600153e-03 -2.285255443162802713e+00 -5.469157184450564035e-02 9.983602082846632086e-01 -1.690344589071811690e-02 -2.045710863553584957e+01 8.496929889442985046e-04 1.697531117364335304e-02 9.998555479829988046e-01 3.972294948915135819e+02
9.984637922082381101e-01 5.540210435259585592e-02 -8.139302484783246484e-04 -2.285255443162802713e+00 -5.540750921478748703e-02 9.982788757483732622e-01 -1.921702779246210052e-02 -2.045710863553584957e+01 -2.521344057161813493e-04 1.923260429237556857e-02 9.998150045685324505e-01 3.972294948915135819e+02
9.983143827006975002e-01 5.803685076461314457e-02 3.424124010036295540e-04 -2.285255443162802713e+00 -5.801627572940062233e-02 9.980866187141707035e-01 -2.138254648546188130e-02 -2.045710863553584957e+01 -1.582732894867666185e-03 2.132663820293304729e-02 9.997713085798897170e-01 3.972294948915135819e+02
9.980882849152671321e-01 6.177607146444074465e-02 1.868825653160749618e-03 -2.285255443162802713e+00 -6.172144145571844404e-02 9.978594217934378952e-01 -2.161106204454684571e-02 -2.045710863553584957e+01 -3.199871798982118279e-03 2.145440123809667227e-02 9.997647070626094479e-01 3.972294948915135819e+02
9.979648484023697641e-01 6.365905036489068192e-02 3.699548604403096567e-03 -2.285255443162802713e+00 -6.357493439647231293e-02 9.977847468559750688e-01 -1.959149453311749556e-02 -2.045710863553584957e+01 -4.938529104932927460e-03 1.931642431189696529e-02 9.998012235850098905e-01 3.972294948915135819e+02
9.979101478112566426e-01 6.444216947050306066e-02 4.748019508381786345e-03 -2.285255443162802713e+00 -6.435073569519997316e-02 9.977757592086949900e-01 -1.739302018046555431e-02 -2.045710863553584957e+01 -5.858302723786774566e-03 1.705113279071301946e-02 9.998374563696592610e-01 3.972294948915135819e+02
9.978728640877607692e-01 6.491507380399744176e-02 5.981664510140792708e-03 -2.285255443162802713e+00 -6.480342758104153111e-02 9.977485030211618033e-01 -1.727543032108557267e-02 -2.045710863553584957e+01 -7.089632644856875589e-03 1.685105076995320819e-02 9.998328756331779088e-01 3.972294948915135819e+02
9.978200409217079514e-01 6.567620515197661324e-02 6.465447535745933762e-03 -2.285255443162802713e+00 -6.555054299440774002e-02 9.976862620355977374e-01 -1.803465715155794236e-02 -2.045710863553584957e+01 -7.634936027256912158e-03 1.757152874030651346e-02 9.998164577209102122e-01 3.972294948915135819e+02
9.976061510731963899e-01 6.866569244291509388e-02 8.184743261630957750e-03 -2.285255443162802713e+00 -6.850284391746140622e-02 9.974747713132272597e-01 -1.874675888905373219e-02 -2.045710863553584957e+01 -9.451334093330068103e-03 1.814120379025012039e-02 9.997907626143067716e-01 3.972294948915135819e+02
9.974028020659577720e-01 7.143464018241946212e-02 9.205575103442237977e-03 -2.285255443162802713e+00 -7.125056093044071504e-02 9.972779369502992042e-01 -1.897561696630548425e-02 -2.045710863553584957e+01 -1.053603331782936199e-02 1.827043114331585588e-02 9.997775669356475658e-01 3.972294948915135819e+02
9.973210264493892474e-01 7.235634783977652751e-02 1.073914005993110120e-02 -2.285255443162802713e+00 -7.213037771010388788e-02 9.971922953152306812e-01 -2.011802115862319079e-02 -2.045710863553584957e+01 -1.216465426287576673e-02 1.928950728324407143e-02 9.997399342306151349e-01 3.972294948915135819e+02
9.971927019752838683e-01 7.391864763286769280e-02 1.194774704123916821e-02 -2.285255443162802713e+00 -7.366230262948832153e-02 9.970697465726923170e-01 -2.063457391825782722e-02 -2.045710863553584957e+01 -1.343801691304104089e-02 1.969654796136390690e-02 9.997156924345295126e-01 3.972294948915135819e+02
9.972013053573951513e-01 7.358293122683318144e-02 1.323286913617847428e-02 -2.285255443162802713e+00 -7.329442473274327963e-02 9.970869972323149755e-01 -2.110562136827794089e-02 -2.045710863553584957e+01 -1.474733523740195604e-02 2.007665764792581492e-02 9.996896738093696833e-01 3.972294948915135819e+02
9.972121239050431019e-01 7.323435703603431435e-02 1.430765132062550120e-02 -2.285255443162802713e+00 -7.294171762709299178e-02 9.971355615719608156e-01 -2.000444146131099069e-02 -2.045710863553584957e+01 -1.573168034265182147e-02 1.890504689463206114e-02 9.996975109679471228e-01 3.972294948915135819e+02
9.972941079056004687e-01 7.186725578922779911e-02 1.547772212243443864e-02 -2.285255443162802713e+00 -7.157897024884393722e-02 9.972645044621243349e-01 -1.843798139786309923e-02 -2.045710863553584957e+01 -1.676047000798929973e-02 1.728021079844032151e-02 9.997101984874782188e-01 3.972294948915135819e+02
9.972964447769552265e-01 7.181413963471473816e-02 1.557339345718480178e-02 -2.285255443162802713e+00 -7.152247168706733771e-02 9.972666554478274437e-01 -1.854060343344089701e-02 -2.045710863553584957e+01 -1.686230349090077005e-02 1.737663029557694888e-02 9.997068147414780448e-01 3.972294948915135819e+02
9.974132502644708076e-01 7.005708550424573355e-02 1.608766507346442651e-02 -2.285255443162802713e+00 -6.975545628472380744e-02 9.973906622592826343e-01 -1.860223525544123235e-02 -2.045710863553584957e+01 -1.734890530768876463e-02 1.743191351055863383e-02 9.996975261927908418e-01 3.972294948915135819e+02
9.975103633332612629e-01 6.866673117542042293e-02 1.606097980910999728e-02 -2.285255443162802713e+00 -6.837857909689379343e-02 9.974997301951463724e-01 -1.785099944819597273e-02 -2.045710863553584957e+01 -1.724659280657877408e-02 1.670832996718095778e-02 9.997116518007941321e-01 3.972294948915135819e+02
9.976055622836864645e-01 6.758822818404101873e-02 1.466197502359578228e-02 -2.285255443162802713e+00 -6.732290948054889257e-02 9.975707984728658939e-01 -1.789211818879977989e-02 -2.045710863553584957e+01 -1.583565469831810235e-02 1.686218980886416280e-02 9.997324134962944919e-01 3.972294948915135819e+02
9.976916687763304203e-01 6.652357521148480335e-02 1.363627498196375021e-02 -2.285255443162802713e+00 -6.627287045852366110e-02 9.976377280911776779e-01 -1.807955005691635336e-02 -2.045710863553584957e+01 -1.480677870063396885e-02 1.713410138159357499e-02 9.997435580559427271e-01 3.972294948915135819e+02
9.977672165668136639e-01 6.556913872669477283e-02 1.269919647668227985e-02 -2.285255443162802713e+00 -6.534508977710526412e-02 9.977123962714981031e-01 -1.732032240480572624e-02 -2.045710863553584957e+01 -1.380582437002503791e-02 1.645181974201691613e-02 9.997693418187220127e-01 3.972294948915135819e+02
9.978534901375509802e-01 6.446035228641726345e-02 1.154448801031953721e-02 -2.285255443162802713e+00 -6.425801455718216371e-02 9.977865370125759137e-01 -1.711531833240335226e-02 -2.045710863553584957e+01 -1.262219416260083708e-02 1.633675425418155275e-02 9.997868726258415384e-01 3.972294948915135819e+02
9.978767885133704718e-01 6.432379180991240619e-02 1.021590688280685222e-02 -2.285255443162802713e+00 -6.414215880125591351e-02 9.977923612868779824e-01 -1.721009069905787836e-02 -2.045710863553584957e+01 -1.130037214243863504e-02 1.651827971522384919e-02 9.997997039530931440e-01 3.972294948915135819e+02
9.978785680850675854e-01 6.444059955695789765e-02 9.261343597768598515e-03 -2.285255443162802713e+00 -6.426768268924508420e-02 9.977722937630424394e-01 -1.789175118847691204e-02 -2.045710863553584957e+01 -1.039366721858261608e-02 1.725858996487417141e-02 9.997970357798499075e-01 3.972294948915135819e+02
9.978555356301017643e-01 6.486805095397854548e-02 8.744482706009760672e-03 -2.285255443162802713e+00 -6.469863184497214037e-02 9.977345465824519755e-01 -1.843533545386524808e-02 -2.045710863553584957e+01 -9.920536767353766230e-03 1.783004546656645137e-02 9.997918145438622339e-01 3.972294948915135819e+02
9.979888856850513967e-01 6.288111969592921624e-02 8.009296779150160139e-03 -2.285255443162802713e+00 -6.270239292825326161e-02 9.978135466245361407e-01 -2.089344618856869146e-02 -2.045710863553584957e+01 -9.305588115816144923e-03 2.034922500612497062e-02 9.997496261922130811e-01 3.972294948915135819e+02
9.983013367118822590e-01 5.782753950618975403e-02 7.100478429667946532e-03 -2.285255443162802713e+00 -5.766409810445248529e-02 9.981067679474174836e-01 -2.139466212304030196e-02 -2.045710863553584957e+01 -8.324236245457928771e-03 2.094887711117326967e-02 9.997458935343078723e-01 3.972294948915135819e+02
9.987086047842880232e-01 5.037474953171999781e-02 6.596009357055205614e-03 -2.285255443162802713e+00 -5.023656242607213440e-02 9.985437469588611670e-01 -1.966400785618201488e-02 -2.045710863553584957e+01 -7.576973368914562829e-03 1.930725301468614111e-02 9.997848865909079175e-01 3.972294948915135819e+02
9.990107141781082722e-01 4.417537125220567101e-02 5.111705398082648684e-03 -2.285255443162802713e+00 -4.407405531479127725e-02 9.988574068387827687e-01 -1.847588837945247225e-02 -2.045710863553584957e+01 -5.922044026829272750e-03 1.823231685856380180e-02 9.998162391242273461e-01 3.972294948915135819e+02
9.991393031386042178e-01 4.131936304047618275e-02 3.655565843268616336e-03 -2.285255443162802713e+00 -4.123006974838225314e-02 9.989112249288008005e-01 -2.182764439386510394e-02 -2.045710863553584957e+01 -4.553490117335869634e-03 2.165813817415585679e-02 9.997550653928097830e-01 3.972294948915135819e+02
9.990991193201701481e-01 4.222482525969786793e-02 4.244279143662125706e-03 -2.285255443162802713e+00 -4.210529012596370135e-02 9.987970164040759213e-01 -2.513293786494446430e-02 -2.045710863553584957e+01 -5.300407255085906426e-03 2.493158948207507830e-02 9.996751079870040968e-01 3.972294948915135819e+02
9.988853034725171387e-01 4.686627455178025287e-02 5.630525397813207662e-03 -2.285255443162802713e+00 -4.668797801993670310e-02 9.985040798839801557e-01 -2.845760291125540645e-02 -2.045710863553584957e+01 -6.955804412731301720e-03 2.816300347409591773e-02 9.995791424496064392e-01 3.972294948915135819e+02
9.988584471925301411e-01 4.749655537307199277e-02 5.087209433590376799e-03 -2.285255443162802713e+00 -4.733428943289820501e-02 9.984779140343554849e-01 -2.830760020707697583e-02 -2.045710863553584957e+01 -6.423979764221435934e-03 2.803448614285248761e-02 9.995863144674880241e-01 3.972294948915135819e+02
9.989889200519106449e-01 4.457363454334967862e-02 5.859071352546820280e-03 -2.285255443162802713e+00 -4.441609348274181551e-02 9.987072674559465124e-01 -2.471850663789667418e-02 -2.045710863553584957e+01 -6.953290821666426730e-03 2.443327719057158606e-02 9.996772812825541754e-01 3.972294948915135819e+02
9.991852914866563573e-01 3.978471565124019199e-02 6.777143740314487026e-03 -2.285255443162802713e+00 -3.962552637713032122e-02 9.989680712132323892e-01 -2.219482723177867989e-02 -2.045710863553584957e+01 -7.653165100941518133e-03 2.190819702903730112e-02 9.997306937205017174e-01 3.972294948915135819e+02
9.993383331105681888e-01 3.592884878758310918e-02 5.658073929459511535e-03 -2.285255443162802713e+00 -3.580761313942818630e-02 9.991537107031679410e-01 -2.024048490886507998e-02 -2.045710863553584957e+01 -6.380502883730303047e-03 2.002449032779445373e-02 9.997791300932740155e-01 3.972294948915135819e+02
9.993842622648813068e-01 3.461340312699709432e-02 5.745316461993812442e-03 -2.285255443162802713e+00 -3.448872201682057215e-02 9.991939625641239608e-01 -2.054150016550049251e-02 -2.045710863553584957e+01 -6.451696747906242833e-03 2.033070336635625641e-02 9.997724931751739152e-01 3.972294948915135819e+02
9.993056080705277067e-01 3.665181645219627027e-02 6.704180005714579539e-03 -2.285255443162802713e+00 -3.651191003264336182e-02 9.991346718805793614e-01 -1.991953493066525235e-02 -2.045710863553584957e+01 -7.428465828329839163e-03 1.966092054915924078e-02 9.997791086528052817e-01 3.972294948915135819e+02
9.990584175015941870e-01 4.251024689955358593e-02 8.669332601232707797e-03 -2.285255443162802713e+00 -4.231558152943545176e-02 9.988724715764842887e-01 -2.152154935198975425e-02 -2.045710863553584957e+01 -9.574444058925926301e-03 2.113443718728806944e-02 9.997307965576232025e-01 3.972294948915135819e+02
9.988618985169361864e-01 4.687583758488280544e-02 8.807016626467789946e-03 -2.285255443162802713e+00 -4.666478094272021038e-02 9.986501353020403871e-01 -2.281020562781192751e-02 -2.045710863553584957e+01 -9.864375839916476527e-03 2.237326779732489238e-02 9.997010207943967108e-01 3.972294948915135819e+02
9.986765775695374270e-01 5.053142196158125210e-02 9.574382932482231393e-03 -2.285255443162802713e+00 -5.029105131643912124e-02 9.984492520591358167e-01 -2.387260396433825774e-02 -2.045710863553584957e+01 -1.076585210210834198e-02 2.335950464139758057e-02 9.996691602582450376e-01 3.972294948915135819e+02
9.984954824329227430e-01 5.388163068811257367e-02 1.017553121150353672e-02 -2.285255443162802713e+00 -5.363827264044518373e-02 9.982991763396685814e-01 -2.284053912864844257e-02 -2.045710863553584957e+01 -1.138890992130979843e-02 2.226037721890386858e-02 9.996873352888278053e-01 3.972294948915135819e+02
9.983408274564435914e-01 5.664755014051822690e-02 1.032701780101475710e-02 -2.285255443162802713e+00 -5.639359631873509110e-02 9.981339897682012241e-01 -2.341582293344936228e-02 -2.045710863553584957e+01 -1.163419648383817381e-02 2.279459436990656854e-02 9.996724723326574358e-01 3.972294948915135819e+02
9.981710502839573618e-01 5.946697222271690036e-02 1.087352701221546390e-02 -2.285255443162802713e+00 -5.917392623878036523e-02 9.979210701090804880e-01 -2.553398296063288594e-02 -2.045710863553584957e+01 -1.236935036734534109e-02 2.484385330437135705e-02 9.996148168792224897e-01 3.972294948915135819e+02
9.978902462899789105e-01 6.401530735148730500e-02 1.082112674452255160e-02 -2.285255443162802713e+00 -6.367789575113502742e-02 9.975466588704647863e-01 -2.908245122198081095e-02 -2.045710863553584957e+01 -1.265630088272205050e-02 2.833202783187118226e-02 9.995184411739989061e-01 3.972294948915135819e+02
9.973952637604792670e-01 7.073767072650234689e-02 1.410211928590679453e-02 -2.285255443162802713e+00 -7.029704236039867327e-02 9.970863985206628310e-01 -2.961485641486619885e-02 -2.045710863553584957e+01 -1.615591729198104926e-02 2.854638024832138743e-02 9.994619004800400219e-01 3.972294948915135819e+02
9.968804692630252040e-01 7.753192394272875876e-02 1.476925088386738145e-02 -2.285255443162802713e+00 -7.705796856168115050e-02 9.965650380797089758e-01 -3.033470550926507803e-02 -2.045710863553584957e+01 -1.707042714985950241e-02 2.910198699274319303e-02 9.994306753697307366e-01 3.972294948915135819e+02
9.965229814464106051e-01 8.188164051753890615e-02 1.540598569758824810e-02 -2.285255443162802713e+00 -8.141266963523244304e-02 9.962602717231419103e-01 -2.893869743085501073e-02 -2.045710863553584957e+01 -1.771791951732121922e-02 2.758383461896833297e-02 9.994624592228021909e-01 3.972294948915135819e+02
9.963813412191340202e-01 8.352118493289592549e-02 1.576180629768143132e-02 -2.285255443162802713e+00 -8.306605143995832163e-02 9.961615828611399825e-01 -2.760673703574827512e-02 -2.045710863553584957e+01 -1.800705329960559584e-02 2.619756666165292541e-02 9.994945890461206517e-01 3.972294948915135819e+02
9.966126099574992292e-01 8.074059775189813826e-02 1.562886906876691934e-02 -2.285255443162802713e+00 -8.031222963945541804e-02 9.964219164820492525e-01 -2.633078283261187924e-02 -2.045710863553584957e+01 -1.769891081512827216e-02 2.498640087937763210e-02 9.995311042319059425e-01 3.972294948915135819e+02
9.965926967186792274e-01 8.124729297112355531e-02 1.420824520678740099e-02 -2.285255443162802713e+00 -8.085448434346276247e-02 9.963781952027921385e-01 -2.632573808989987357e-02 -2.045710863553584957e+01 -1.629568067140872711e-02 2.508723797650267567e-02 9.995524404863238566e-01 3.972294948915135819e+02
9.965798391599558492e-01 8.191728250834827418e-02 1.087120077844745854e-02 -2.285255443162802713e+00 -8.153158890364425870e-02 9.961525034866126616e-01 -3.213704728502436020e-02 -2.045710863553584957e+01 -1.346195345278754403e-02 3.114078714162808736e-02 9.994243479050503032e-01 3.972294948915135819e+02
9.962643624476086313e-01 8.581548368780451963e-02 9.644836768413701106e-03 -2.285255443162802713e+00 -8.541448585873712140e-02 9.956851930895812552e-01 -3.626791788412268847e-02 -2.045710863553584957e+01 -1.271557007565106076e-02 3.530862531436217838e-02 9.992955595098286237e-01 3.972294948915135819e+02
9.958844931546634305e-01 9.019419972827505405e-02 8.892841472582692017e-03 -2.285255443162802713e+00 -8.980723576148327836e-02 9.952684262726033682e-01 -3.708665622208889151e-02 -2.045710863553584957e+01 -1.219576561605808206e-02 3.613538432381847160e-02 9.992724840106467221e-01 3.972294948915135819e+02
9.954228159594226133e-01 9.521891958945458145e-02 8.171586114808624193e-03 -2.285255443162802713e+00 -9.485866587982004494e-02 9.948116896095549055e-01 -3.676323875397424779e-02 -2.045710863553584957e+01 -1.162974526442534483e-02 3.581982088729677299e-02 9.992905930992679320e-01 3.972294948915135819e+02
9.951214866308067952e-01 9.829225135770820743e-02 8.477037733065370326e-03 -2.285255443162802713e+00 -9.795895873740519122e-02 9.946292322204342007e-01 -3.341755250869771904e-02 -2.045710863553584957e+01 -1.171619600288679140e-02 3.242412274250950494e-02 9.994055268086127208e-01 3.972294948915135819e+02
9.949807849650924574e-01 9.966682211388590285e-02 8.930964111965792110e-03 -2.285255443162802713e+00 -9.934160742259991184e-02 9.945552280191749528e-01 -3.148243088485220414e-02 -2.045710863553584957e+01 -1.202009088752048482e-02 3.043719746370324164e-02 9.994644037811508674e-01 3.972294948915135819e+02
9.947893796353516338e-01 1.013922332501425577e-01 1.066326409983103622e-02 -2.285255443162802713e+00 -1.010167397989272381e-01 9.943933535760396403e-01 -3.126462288580651033e-02 -2.045710863553584957e+01 -1.377346888441342322e-02 3.002454663012476058e-02 9.994542601612871335e-01 3.972294948915135819e+02
9.941516651098241120e-01 1.071894548230116762e-01 1.314867043132057246e-02 -2.285255443162802713e+00 -1.067000932875684649e-01 9.937257936392211999e-01 -3.352815456482169387e-02 -2.045710863553584957e+01 -1.666003756868951816e-02 3.192910632704759610e-02 9.993512772380722664e-01 3.972294948915135819e+02
9.942877093568240898e-01 1.058229101922375792e-01 1.390908697245251367e-02 -2.285255443162802713e+00 -1.053191000583684478e-01 9.938909187944808821e-01 -3.299588914935352307e-02 -2.045710863553584957e+01 -1.731583624480825118e-02 3.134251451793008264e-02 9.993586986657176929e-01 3.972294948915135819e+02
9.945443365988687612e-01 1.036881765700764790e-01 1.141597909469594350e-02 -2.285255443162802713e+00 -1.032469358517925095e-01 9.940699658551253037e-01 -3.413170405948488112e-02 -2.045710863553584957e+01 -1.488733610602469698e-02 3.276682810955378750e-02 9.993521412391658254e-01 3.972294948915135819e+02
9.948885915456744389e-01 1.002798764026810868e-01 1.185903878604576030e-02 -2.285255443162802713e+00 -9.984561988823315026e-02 9.944615216923914369e-01 -3.281972063235900211e-02 -2.045710863553584957e+01 -1.508451528556365231e-02 3.146789255597878116e-02 9.993909290846526572e-01 3.972294948915135819e+02
9.953257309357338434e-01 9.583709195705268635e-02 1.191390542451897100e-02 -2.285255443162802713e+00 -9.542081567939793285e-02 9.949344022910933116e-01 -3.162914909923373458e-02 -2.045710863553584957e+01 -1.488480004324300304e-02 3.034447137253528867e-02 9.994286646803735019e-01 3.972294948915135819e+02
9.955975524090995288e-01 9.295595078575979997e-02 1.202933292113017583e-02 -2.285255443162802713e+00 -9.253969190587488236e-02 9.952115942017402128e-01 -3.146884472609082911e-02 -2.045710863553584957e+01 -1.489694797526466830e-02 3.021711402408341560e-02 9.994323423629426495e-01 3.972294948915135819e+02
9.955248453071353643e-01 9.385834523197107704e-02 1.099515377436661653e-02 -2.285255443162802713e+00 -9.340832589345653136e-02 9.949749552996952628e-01 -3.605167097583322766e-02 -2.045710863553584957e+01 -1.432365281580290015e-02 3.486329526427537490e-02 9.992894393584517143e-01 3.972294948915135819e+02
9.948326593246938909e-01 1.009135120974545968e-01 1.115540304587942129e-02 -2.285255443162802713e+00 -1.003758864547191626e-01 9.940936909071117489e-01 -4.126033345846163991e-02 -2.045710863553584957e+01 -1.525324094704020444e-02 3.992739378961517732e-02 9.990861533750635681e-01 3.972294948915135819e+02
9.938364519071229974e-01 1.102008975201931584e-01 1.203615579851429959e-02 -2.285255443162802713e+00 -1.096168552301418769e-01 9.931057428509765250e-01 -4.153466703685756989e-02 -2.045710863553584957e+01 -1.653033303101773474e-02 3.995930057136105190e-02 9.990645636733052060e-01 3.972294948915135819e+02
9.929008737573421506e-01 1.182893020432792958e-01 1.246980007946789024e-02 -2.285255443162802713e+00 -1.177348963356344147e-01 9.923004563387662902e-01 -3.844864802190166297e-02 -2.045710863553584957e+01 -1.692185204832764508e-02 3.670756559605239250e-02 9.991827688422506570e-01 3.972294948915135819e+02
9.926769994269634134e-01 1.200238674341770062e-01 1.366184668429771230e-02 -2.285255443162802713e+00 -1.194584995753532053e-01 9.921650184546240148e-01 -3.658200423896275366e-02 -2.045710863553584957e+01 -1.794551999490426666e-02 3.468209049462324389e-02 9.992372645728518910e-01 3.972294948915135819e+02
9.928301499232148331e-01 1.187161288395727349e-01 1.395615121708954076e-02 -2.285255443162802713e+00 -1.181474125860291352e-01 9.923344830641219749e-01 -3.624172486357075257e-02 -2.045710863553584957e+01 -1.815164738184729676e-02 3.433299397381632534e-02 9.992455970491536110e-01 3.972294948915135819e+02
9.931833248710343343e-01 1.158303295884595824e-01 1.304675996360014217e-02 -2.285255443162802713e+00 -1.152883088956185853e-01 9.926577464723544963e-01 -3.659513902711167971e-02 -2.045710863553584957e+01 -1.718979435907891720e-02 3.484154296029396553e-02 9.992450039174771703e-01 3.972294948915135819e+02
9.933684993014840758e-01 1.143233072023215197e-01 1.221499184783579606e-02 -2.285255443162802713e+00 -1.137901538838378829e-01 9.927826141442709362e-01 -3.787455520476191301e-02 -2.045710863553584957e+01 -1.645677594827067713e-02 3.623344426341044283e-02 9.992078422641603730e-01 3.972294948915135819e+02
9.933186826712397943e-01 1.147881734305202656e-01 1.190251640449403736e-02 -2.285255443162802713e+00 -1.142569506264205226e-01 9.927073667760054621e-01 -3.843739302033434557e-02 -2.045710863553584957e+01 -1.622787385414870692e-02 3.682063537111673890e-02 9.991901205081251680e-01 3.972294948915135819e+02
9.931982409503274933e-01 1.158498575809075309e-01 1.166467623470012795e-02 -2.285255443162802713e+00 -1.153266840632740653e-01 9.925835255903805443e-01 -3.844087238264218276e-02 -2.045710863553584957e+01 -1.603153505272393239e-02 3.683415840021654619e-02 9.991927915366491941e-01 3.972294948915135819e+02
9.928772124543875366e-01 1.185814573278989870e-01 1.154465100375122108e-02 -2.285255443162802713e+00 -1.180619308068476536e-01 9.922641200078261559e-01 -3.838354646527471908e-02 -2.045710863553584957e+01 -1.600691984630009043e-02 3.674716483056128524e-02 9.991963893018981357e-01 3.972294948915135819e+02
9.930089857312338619e-01 1.174830627057880245e-01 1.144046477621906040e-02 -2.285255443162802713e+00 -1.169638371807316252e-01 9.923838773059995289e-01 -3.864842629485264192e-02 -2.045710863553584957e+01 -1.589386828268520013e-02 3.704011393580233097e-02 9.991873772774735318e-01 3.972294948915135819e+02
9.930191826771851416e-01 1.174455483859684485e-01 1.092913534805699943e-02 -2.285255443162802713e+00 -1.169286434816006748e-01 9.923454690950646029e-01 -3.972609092331608888e-02 -2.045710863553584957e+01 -1.551113047749078967e-02 3.817084136895571023e-02 9.991508353099131101e-01 3.972294948915135819e+02
9.930663209470564912e-01 1.170856378972508632e-01 1.049931420966041667e-02 -2.285255443162802713e+00 -1.165799312872031479e-01 9.923719371907053777e-01 -4.008812663914730623e-02 -2.045710863553584957e+01 -1.511296866106495718e-02 3.858615910607268024e-02 9.991409842978573597e-01 3.972294948915135819e+02
9.930837410349950822e-01 1.170341431318031727e-01 9.364434491481320524e-03 -2.285255443162802713e+00 -1.165786118914853842e-01 9.923901104474411872e-01 -3.963957537069021791e-02 -2.045710863553584957e+01 -1.393235591689624513e-02 3.827372502799799431e-02 9.991701613994919962e-01 3.972294948915135819e+02
9.929720000909443289e-01 1.179739598734587669e-01 9.420818816170068236e-03 -2.285255443162802713e+00 -1.175076615122570278e-01 9.922577880453895549e-01 -4.020486971985285513e-02 -2.045710863553584957e+01 -1.409100852715686539e-02 3.881529151049925574e-02 9.991470445453177751e-01 3.972294948915135819e+02
9.929389374250359168e-01 1.182669490762225245e-01 9.230130088188041523e-03 -2.285255443162802713e+00 -1.178015740552169205e-01 9.922046258580311529e-01 -4.065426885379181537e-02 -2.045710863553584957e+01 -1.396623411503403883e-02 3.927988266435273462e-02 9.991306396675658785e-01 3.972294948915135819e+02
9.928064500732122211e-01 1.193965222827270134e-01 8.934380774229413666e-03 -2.285255443162802713e+00 -1.189368040837624207e-01 9.920538361866715338e-01 -4.102709765079684545e-02 -2.045710863553584957e+01 -1.376187949988572599e-02 3.966934047974030042e-02 9.991180881650244539e-01 3.972294948915135819e+02
9.928081804282666845e-01 1.194041841588554947e-01 8.634678921330976586e-03 -2.285255443162802713e+00 -1.189507437025393993e-01 9.920348873889841546e-01 -4.144276505901642316e-02 -2.045710863553584957e+01 -1.351434228252159850e-02 4.011761469083319903e-02 9.991035679769085798e-01 3.972294948915135819e+02
9.926607307540049607e-01 1.206536362308516658e-01 8.208147367116686716e-03 -2.285255443162802713e+00 -1.202186138126149217e-01 9.918892541143237152e-01 -4.126975242841240260e-02 -2.045710863553584957e+01 -1.312091886646480667e-02 3.998009050518021301e-02 9.991143247152939333e-01 3.972294948915135819e+02
9.927130840536938505e-01 1.202164516166701891e-01 8.290808724300232843e-03 -2.285255443162802713e+00 -1.197742662296412547e-01 9.919297438432713721e-01 -4.158735899491073501e-02 -2.045710863553584957e+01 -1.322338450462548151e-02 4.029128987408250873e-02 9.991004724563621320e-01 3.972294948915135819e+02
9.928210568612696463e-01 1.193213328936994916e-01 8.292681673918979313e-03 -2.285255443162802713e+00 -1.188806750681215274e-01 9.920400813170899834e-01 -4.151941901963191600e-02 -2.045710863553584957e+01 -1.318082502052583468e-02 4.023551387581624644e-02 9.991032825864040179e-01 3.972294948915135819e+02
9.928899395282313467e-01 1.187277609265823541e-01 8.560769182020045928e-03 -2.285255443162802713e+00 -1.182812493900411432e-01 9.921256027209010009e-01 -4.118658116933659324e-02 -2.045710863553584957e+01 -1.338334884692243647e-02 3.988116361200802484e-02 9.991147975896434996e-01 3.972294948915135819e+02
9.929671263196558906e-01 1.180454575161149350e-01 9.030836522606529651e-03 -2.285255443162802713e+00 -1.175915081208198931e-01 9.922397270386815737e-01 -4.040496632930944132e-02 -2.045710863553584957e+01 -1.373037750238862049e-02 3.905885361877087930e-02 9.991425737539311180e-01 3.972294948915135819e+02
9.928759467960499574e-01 1.188684365992196262e-01 8.224904516596196272e-03 -2.285255443162802713e+00 -1.184505751425277559e-01 9.921537465045325854e-01 -4.000505649818500431e-02 -2.045710863553584957e+01 -1.291570835278567538e-02 3.874581367678162080e-02 9.991656251094060970e-01 3.972294948915135819e+02
9.927832347339977659e-01 1.196392503994340578e-01 8.240060373799536902e-03 -2.285255443162802713e+00 -1.192121033326898200e-01 9.920371102195201241e-01 -4.063060873650269772e-02 -2.045710863553584957e+01 -1.303546125376635507e-02 3.935507224188748709e-02 9.991402579411648999e-01 3.972294948915135819e+02
9.926246371997285989e-01 1.208913082743980627e-01 9.034445628480488460e-03 -2.285255443162802713e+00 -1.204213928380411247e-01 9.918595473242147742e-01 -4.139234867398913775e-02 -2.045710863553584957e+01 -1.396487633513848574e-02 3.999912455926186300e-02 9.991021230402010733e-01 3.972294948915135819e+02
9.923739448770581006e-01 1.228948050571156275e-01 9.529974770236353948e-03 -2.285255443162802713e+00 -1.224161430585548188e-01 9.916512042694625162e-01 -4.052378301185060455e-02 -2.045710863553584957e+01 -1.443057337098071352e-02 3.904812365399433494e-02 9.991331255599962269e-01 3.972294948915135819e+02
9.922821388267580867e-01 1.235601262983870852e-01 1.044280395885388395e-02 -2.285255443162802713e+00 -1.230769258951940476e-01 9.916517755594579375e-01 -3.845551120402383727e-02 -2.045710863553584957e+01 -1.510719290885501921e-02 3.687344869822314908e-02 9.992057453315178472e-01 3.972294948915135819e+02
9.922356426500198445e-01 1.238638201901872266e-01 1.123314305067870354e-02 -2.285255443162802713e+00 -1.233602145100835962e-01 9.916381333637842577e-01 -3.789551338635409328e-02 -2.045710863553584957e+01 -1.583309606268559419e-02 3.621555614210722474e-02 9.992185679631797601e-01 3.972294948915135819e+02
9.921372600899669436e-01 1.245928166582213753e-01 1.184428884931951545e-02 -2.285255443162802713e+00 -1.240384172154208459e-01 9.914869698090443828e-01 -3.959873424204145981e-02 -2.045710863553584957e+01 -1.667717589607116760e-02 3.781823285201783152e-02 9.991454614159451797e-01 3.972294948915135819e+02
9.919928863960165710e-01 1.256635619340164822e-01 1.260089448242006534e-02 -2.285255443162802713e+00 -1.250503064087665761e-01 9.912912408018436095e-01 -4.128070707503138370e-02 -2.045710863553584957e+01 -1.767863701689449674e-02 3.937442204777760052e-02 9.990681261463746354e-01 3.972294948915135819e+02
9.917847363157569207e-01 1.273110303706816993e-01 1.244742371101767442e-02 -2.285255443162802713e+00 -1.267005870523112421e-01 9.910767756988790866e-01 -4.139789742140365797e-02 -2.045710863553584957e+01 -1.760676153317186632e-02 3.948070688663870426e-02 9.990652009413826251e-01 3.972294948915135819e+02
9.917515844261824975e-01 1.276101183080410872e-01 1.201883911058521104e-02 -2.285255443162802713e+00 -1.270319902690583980e-01 9.910719153779643520e-01 -4.048866504757275137e-02 -2.045710863553584957e+01 -1.707829723480269041e-02 3.862792065928995905e-02 9.991077096635273547e-01 3.972294948915135819e+02
9.916139366295546598e-01 1.287613267150999607e-01 1.105990165448029160e-02 -2.285255443162802713e+00 -1.282135979163993023e-01 9.909048043552262097e-01 -4.085268675451424192e-02 -2.045710863553584957e+01 -1.621955583150849062e-02 3.909206375081539925e-02 9.991039668424556153e-01 3.972294948915135819e+02
9.914956143880792050e-01 1.297123751978357109e-01 1.054259786499368162e-02 -2.285255443162802713e+00 -1.291887897409784158e-01 9.907901122007584105e-01 -4.056119044689877190e-02 -2.045710863553584957e+01 -1.570679007526358181e-02 3.885425698355535890e-02 9.991214357923602352e-01 3.972294948915135819e+02
9.912485811327116370e-01 1.315850966581045001e-01 1.056469307953446235e-02 -2.285255443162802713e+00 -1.310651736769714581e-01 9.905587493985729131e-01 -4.019059888780211753e-02 -2.045710863553584957e+01 -1.575343300404197580e-02 3.845421078909463941e-02 9.991361784167236415e-01 3.972294948915135819e+02
9.909091926026568631e-01 1.341800986741578106e-01 9.730012093791826425e-03 -2.285255443162802713e+00 -1.336769902226830342e-01 9.901729867196988888e-01 -4.108428721050450677e-02 -2.045710863553584957e+01 -1.514708884759159019e-02 3.941011913688821644e-02 9.991083065459216428e-01 3.972294948915135819e+02
9.907400998080198029e-01 1.354458663280193875e-01 9.405951682241892389e-03 -2.285255443162802713e+00 -1.349510559736607773e-01 9.899902761584639110e-01 -4.132149081630287490e-02 -2.045710863553584957e+01 -1.490862582501527138e-02 3.966951482360424330e-02 9.991016276984385769e-01 3.972294948915135819e+02
9.908330298885482668e-01 1.348260658761667452e-01 8.475779742075469775e-03 -2.285255443162802713e+00 -1.343742453595382358e-01 9.900852585440729214e-01 -4.092362395695648553e-02 -2.045710863553584957e+01 -1.390931579680750908e-02 3.940955181261565632e-02 9.991263274281152462e-01 3.972294948915135819e+02
9.909908668941057597e-01 1.336695563588113367e-01 8.339750314531237801e-03 -2.285255443162802713e+00 -1.332324429537324884e-01 9.902649094153914699e-01 -4.030540069403320408e-02 -2.045710863553584957e+01 -1.364616711940181380e-02 3.883115866626503376e-02 9.991526025785975040e-01 3.972294948915135819e+02
9.911731394536420492e-01 1.323176094830317007e-01 8.237587408242189393e-03 -2.285255443162802713e+00 -1.318812667611312384e-01 9.904331044573859710e-01 -4.061523202424945772e-02 -2.045710863553584957e+01 -1.353288968003175767e-02 3.917034357265884725e-02 9.991409035172706954e-01 3.972294948915135819e+02
9.910825733865242793e-01 1.330848154995294685e-01 6.615482824591329900e-03 -2.285255443162802713e+00 -1.326781154247339278e-01 9.902098056989523389e-01 -4.337116997480717356e-02 -2.045710863553584957e+01 -1.232276011643929081e-02 4.210668095562470487e-02 9.990371249368132922e-01 3.972294948915135819e+02
9.909632008784553525e-01 1.340624181853951047e-01 4.382069717826903542e-03 -2.285255443162802713e+00 -1.337226743711990573e-01 9.899534716713588312e-01 -4.593876668825837978e-02 -2.045710863553584957e+01 -1.049670728095127535e-02 4.493764519985615075e-02 9.989346461006094469e-01 3.972294948915135819e+02
9.911171822270334886e-01 1.328806091167028525e-01 5.429071294514863609e-03 -2.285255443162802713e+00 -1.325162830564478311e-01 9.902004741261086762e-01 -4.407329991426674198e-02 -2.045710863553584957e+01 -1.123235590828396656e-02 4.296236447407737746e-02 9.990135481661628347e-01 3.972294948915135819e+02
9.912784960477033502e-01 1.316420770786664585e-01 6.107930567646969490e-03 -2.285255443162802713e+00 -1.312657897827209097e-01 9.904267130988975154e-01 -4.271086996108212908e-02 -2.045710863553584957e+01 -1.167200523146455504e-02 4.153660461001026927e-02 9.990688038225136181e-01 3.972294948915135819e+02
9.913367596892099787e-01 1.312367594509074864e-01 5.323707141038910157e-03 -2.285255443162802713e+00 -1.308794064783664057e-01 9.904218648403017022e-01 -4.398989209045135046e-02 -2.045710863553584957e+01 -1.104580684103733876e-02 4.291203345314217876e-02 9.990177914012076110e-01 3.972294948915135819e+02
9.913142326352685219e-01 1.313657089040304038e-01 6.256412621591169419e-03 -2.285255443162802713e+00 -1.309558168748407581e-01 9.903653489079986549e-01 -4.502276878404146143e-02 -2.045710863553584957e+01 -1.211058220703241026e-02 4.381239786270058750e-02 9.989663696001617188e-01 3.972294948915135819e+02
9.911665734275485473e-01 1.324559735475028532e-01 6.651224810256028790e-03 -2.285255443162802713e+00 -1.320220466492693645e-01 9.902030646607444808e-01 -4.547603693163808358e-02 -2.045710863553584957e+01 -1.260963593572542348e-02 4.419621938642191022e-02 9.989432873159094228e-01 3.972294948915135819e+02
9.907499787554305826e-01 1.354819296649362459e-01 7.689364757938026325e-03 -2.285255443162802713e+00 -1.349984113357937665e-01 9.897987494259646857e-01 -4.553970324462110197e-02 -2.045710863553584957e+01 -1.378073049323697875e-02 4.408040799563383433e-02 9.989329352353996105e-01 3.972294948915135819e+02
9.903635094462719390e-01 1.382196676576815109e-01 8.685771690854523011e-03 -2.285255443162802713e+00 -1.376778995000534911e-01 9.893929718300304987e-01 -4.632864429910937831e-02 -2.045710863553584957e+01 -1.499717128390555543e-02 4.468635995402004540e-02 9.988884893157697897e-01 3.972294948915135819e+02
9.900658569467716275e-01 1.402491469561704951e-01 9.988778019494245000e-03 -2.285255443162802713e+00 -1.396365374945804927e-01 9.890875256155131634e-01 -4.698408313786611029e-02 -2.045710863553584957e+01 -1.646925331582771782e-02 4.512253815830556680e-02 9.988456939114124244e-01 3.972294948915135819e+02
9.898111538734326587e-01 1.420079107496614867e-01 1.037463022287596522e-02 -2.285255443162802713e+00 -1.413643583921776470e-01 9.888087932413885950e-01 -4.767901619031515714e-02 -2.045710863553584957e+01 -1.702932306679357660e-02 4.572661908587290908e-02 9.988088297881941857e-01 3.972294948915135819e+02
9.898710970890708394e-01 1.415825743386586455e-01 1.046832323338719659e-02 -2.285255443162802713e+00 -1.409214808819923004e-01 9.888332727169045766e-01 -4.847571550788703360e-02 -2.045710863553584957e+01 -1.721474291724377215e-02 4.650949807956947929e-02 9.987695025453466879e-01 3.972294948915135819e+02
9.898132609904705115e-01 1.418457124817472381e-01 1.222710995932409228e-02 -2.285255443162802713e+00 -1.410842027087545192e-01 9.887618758330504187e-01 -4.944897011204420906e-02 -2.045710863553584957e+01 -1.910382457642981896e-02 4.722019429917923006e-02 9.987018059145084115e-01 3.972294948915135819e+02
9.898505299103363964e-01 1.415085419465080263e-01 1.308667231960341550e-02 -2.285255443162802713e+00 -1.407131358281334677e-01 9.888304945157917469e-01 -4.913315093770671133e-02 -2.045710863553584957e+01 -1.989326121179216950e-02 4.679300879220685272e-02 9.987064996717160970e-01 3.972294948915135819e+02
9.898638713405790712e-01 1.413785569588739410e-01 1.347664078578691277e-02 -2.285255443162802713e+00 -1.405858896178487083e-01 9.888992700602428076e-01 -4.810240445837048184e-02 -2.045710863553584957e+01 -2.012768876450531791e-02 4.572020676402285128e-02 9.987514900306552201e-01 3.972294948915135819e+02
9.900565254768933787e-01 1.400054137544384236e-01 1.365871443699288347e-02 -2.285255443162802713e+00 -1.392039099442374250e-01 9.890903217473996367e-01 -4.819343193695253824e-02 -2.045710863553584957e+01 -2.025704363572057229e-02 4.581287531986511646e-02 9.987446283400310820e-01 3.972294948915135819e+02
9.899923474397419598e-01 1.404328263456408876e-01 1.392024767471581811e-02 -2.285255443162802713e+00 -1.395693162179668656e-01 9.889193082739312635e-01 -5.058663552222045223e-02 -2.045710863553584957e+01 -2.087002590318400713e-02 4.813754260017678865e-02 9.986226609742122617e-01 3.972294948915135819e+02
9.901152248819014012e-01 1.393122236725495289e-01 1.624640860228766109e-02 -2.285255443162802713e+00 -1.382822365968737477e-01 9.889743527580521221e-01 -5.298823103819792768e-02 -2.045710863553584957e+01 -2.344918972649647979e-02 5.021786457228841899e-02 9.984629695581954678e-01 3.972294948915135819e+02
9.900491884077236016e-01 1.398700702460722312e-01 1.545858928129346076e-02 -2.285255443162802713e+00 -1.388772252426425380e-01 9.888866722061349090e-01 -5.306850141072272375e-02 -2.045710863553584957e+01 -2.270948793155131568e-02 5.039358076614842974e-02 9.984712144951661816e-01 3.972294948915135819e+02
9.902210603245303888e-01 1.387307533160239970e-01 1.469795135834182052e-02 -2.285255443162802713e+00 -1.377714323831220611e-01 9.890260973925285581e-01 -5.335176750218090930e-02 -2.045710863553584957e+01 -2.193818836792497604e-02 5.080508597446115049e-02 9.984676054485998042e-01 3.972294948915135819e+02
9.902013672938686506e-01 1.389700811092135224e-01 1.373203429403114031e-02 -2.285255443162802713e+00 -1.380385848002484428e-01 9.889345551268997614e-01 -5.434882503150073596e-02 -2.045710863553584957e+01 -2.113294384837315423e-02 5.192073027663068191e-02 9.984275819767013394e-01 3.972294948915135819e+02
9.901302314758221312e-01 1.395103426389513179e-01 1.337867760274463053e-02 -2.285255443162802713e+00 -1.385832129205739061e-01 9.888231855630223999e-01 -5.498545980171953146e-02 -2.045710863553584957e+01 -2.090018694286481168e-02 5.258870591446415665e-02 9.983975211287311469e-01 3.972294948915135819e+02
9.900764288055768914e-01 1.399596681116973551e-01 1.264738809635860065e-02 -2.285255443162802713e+00 -1.390729151970451771e-01 9.887612189122465534e-01 -5.486325030257390573e-02 -2.045710863553584957e+01 -2.018388917408902097e-02 5.255990180004981027e-02 9.984137756163908861e-01 3.972294948915135819e+02
9.900433499790741720e-01 1.401694017515929536e-01 1.291138934484188823e-02 -2.285255443162802713e+00 -1.392606470992135137e-01 9.887134905319961975e-01 -5.524586690010060974e-02 -2.045710863553584957e+01 -2.050944493939151070e-02 5.289775470316102762e-02 9.983892979272372958e-01 3.972294948915135819e+02
9.901635551592220530e-01 1.394081733256126443e-01 1.189517736175007591e-02 -2.285255443162802713e+00 -1.385634657228665134e-01 9.888376446940134734e-01 -5.477479715036071006e-02 -2.045710863553584957e+01 -1.939845358062327815e-02 5.258777087889403984e-02 9.984278773915864491e-01 3.972294948915135819e+02
9.898565742017065849e-01 1.415908274085175278e-01 1.166190822439542620e-02 -2.285255443162802713e+00 -1.407402285915045625e-01 9.884862842577587516e-01 -5.556126249735208328e-02 -2.045710863553584957e+01 -1.939460145694957283e-02 5.335638132463605549e-02 9.983871723966938339e-01 3.972294948915135819e+02
9.897608987990175189e-01 1.421382197130063585e-01 1.304184440099700158e-02 -2.285255443162802713e+00 -1.412208040195354342e-01 9.884377815496556696e-01 -5.520359152510265904e-02 -2.045710863553584957e+01 -2.073759196817939743e-02 5.279657661261287493e-02 9.983899407432695883e-01 3.972294948915135819e+02
9.896086395953204162e-01 1.431143610184975323e-01 1.389316769380536006e-02 -2.285255443162802713e+00 -1.421331621950248925e-01 9.882614477924707153e-01 -5.601316819794930485e-02 -2.045710863553584957e+01 -2.174637079477483373e-02 5.345643532257006447e-02 9.983333636014873891e-01 3.972294948915135819e+02
9.897071576772611401e-01 1.426676082059391837e-01 1.121140540678461882e-02 -2.285255443162802713e+00 -1.418230418004737259e-01 9.882824910945480212e-01 -5.642643538639584982e-02 -2.045710863553584957e+01 -1.913026024025207480e-02 5.425561136648090338e-02 9.983438094055520073e-01 3.972294948915135819e+02
9.898772680891677611e-01 1.414750776425753587e-01 1.130471257285987040e-02 -2.285255443162802713e+00 -1.405933117649786346e-01 9.883565676918278919e-01 -5.817916970346188876e-02 -2.045710863553584957e+01 -1.940398946823229664e-02 5.600087058658927835e-02 9.982421488227495310e-01 3.972294948915135819e+02
9.899200008690051122e-01 1.411565406632271369e-01 1.154222281458015462e-02 -2.285255443162802713e+00 -1.402221741306808878e-01 9.882889441581764745e-01 -6.018890875220424264e-02 -2.045710863553584957e+01 -1.990310934441564400e-02 5.796372902692521756e-02 9.981202694844529821e-01 3.972294948915135819e+02
9.899010626168626148e-01 1.413219248970903341e-01 1.113551855052387698e-02 -2.285255443162802713e+00 -1.403973918743883498e-01 9.882219212830204436e-01 -6.087697964390514915e-02 -2.045710863553584957e+01 -1.960761548167910470e-02 5.869878907674430657e-02 9.980831596495585156e-01 3.972294948915135819e+02
9.898516308103459949e-01 1.418278298984596564e-01 8.866546587798358053e-03 -2.285255443162802713e+00 -1.410218778219284874e-01 9.880829468384666470e-01 -6.168403474634454042e-02 -2.045710863553584957e+01 -1.750939626820760195e-02 5.980766533902415888e-02 9.980563432036378968e-01 3.972294948915135819e+02
9.897588424486472025e-01 1.425912159118216949e-01 6.721528063158674522e-03 -2.285255443162802713e+00 -1.419234103541003322e-01 9.879977830515049853e-01 -6.097644035832214260e-02 -2.045710863553584957e+01 -1.533555959778709621e-02 5.939802884017753026e-02 9.981165737436303864e-01 3.972294948915135819e+02
9.895479202457041490e-01 1.440745724987825271e-01 6.118095839076642846e-03 -2.285255443162802713e+00 -1.434813729377003300e-01 9.879430482201390085e-01 -5.815177635646030102e-02 -2.045710863553584957e+01 -1.442252257116217150e-02 5.666613656137335642e-02 9.982890061549770655e-01 3.972294948915135819e+02
9.895970192891531125e-01 1.437136193109847249e-01 6.643420697384847494e-03 -2.285255443162802713e+00 -1.431323530593974491e-01 9.881537951746842685e-01 -5.536430790272021257e-02 -2.045710863553584957e+01 -1.452132644441057711e-02 5.383746563875853319e-02 9.984441188027950442e-01 3.972294948915135819e+02
9.896239901769473546e-01 1.435175213993168941e-01 6.861422422153993887e-03 -2.285255443162802713e+00 -1.429328874081492728e-01 9.882132943911966505e-01 -5.481491116171186700e-02 -2.045710863553584957e+01 -1.464744904165907538e-02 5.326542818652260647e-02 9.984729572685872023e-01 3.972294948915135819e+02
9.896289758912328871e-01 1.434636303689137971e-01 7.257881084922138647e-03 -2.285255443162802713e+00 -1.428340807058753326e-01 9.881390106507303983e-01 -5.638901505703264316e-02 -2.045710863553584957e+01 -1.526156824768487401e-02 5.476753044976900853e-02 9.983824929069291532e-01 3.972294948915135819e+02
9.897026796094940959e-01 1.429317721070078873e-01 7.688595199325810522e-03 -2.285255443162802713e+00 -1.422731053301218296e-01 9.881968446868987233e-01 -5.679224991651982135e-02 -2.045710863553584957e+01 -1.571526243856086885e-02 5.511356160879728183e-02 9.983564122362714732e-01 3.972294948915135819e+02
9.897558631485097180e-01 1.425241501831301938e-01 8.378423343745102989e-03 -2.285255443162802713e+00 -1.418350811042671245e-01 9.882841908815146459e-01 -5.636637137349671811e-02 -2.045710863553584957e+01 -1.631383251405027837e-02 5.460059219683861126e-02 9.983749967825004124e-01 3.972294948915135819e+02
9.896173824210058312e-01 1.434383577803055310e-01 9.103511821685799157e-03 -2.285255443162802713e+00 -1.427012195944350470e-01 9.881355718707162117e-01 -5.678427185403302907e-02 -2.045710863553584957e+01 -1.714054656244626273e-02 5.489562023532393309e-02 9.983449667036536912e-01 3.972294948915135819e+02
9.893090979263384765e-01 1.455368518255196753e-01 9.302339538682025816e-03 -2.285255443162802713e+00 -1.447633358833572970e-01 9.877617190694601979e-01 -5.805482688688656800e-02 -2.045710863553584957e+01 -1.763761163248939168e-02 5.608753071459611494e-02 9.982700554230004020e-01 3.972294948915135819e+02
9.890826753059709375e-01 1.470249608868731406e-01 9.956017567209434968e-03 -2.285255443162802713e+00 -1.461959746363885593e-01 9.874976874590797316e-01 -5.894959086444429008e-02 -2.045710863553584957e+01 -1.849860561506340775e-02 5.685048934866167303e-02 9.982113120232186665e-01 3.972294948915135819e+02
9.892837491394769200e-01 1.456320711348846331e-01 1.043856050929886994e-02 -2.285255443162802713e+00 -1.448173815661349673e-01 9.878241107454619474e-01 -5.684586375687442766e-02 -2.045710863553584957e+01 -1.859004262692597054e-02 5.472500422019620225e-02 9.983283949824467429e-01 3.972294948915135819e+02
9.893586006026290347e-01 1.451615918739020961e-01 9.882897259611066881e-03 -2.285255443162802713e+00 -1.443848933506181598e-01 9.879092381484776419e-01 -5.646538544121085940e-02 -2.045710863553584957e+01 -1.796001073886168906e-02 5.443757365578026641e-02 9.983556423383057599e-01 3.972294948915135819e+02
9.892235170824494883e-01 1.461135649237429723e-01 9.362659681184180849e-03 -2.285255443162802713e+00 -1.453271962198245948e-01 9.876504999086693770e-01 -5.853627993850810812e-02 -2.045710863553584957e+01 -1.779998005378591666e-02 5.654481563706681424e-02 9.982413758879435939e-01 3.972294948915135819e+02
9.888645577902930306e-01 1.484981613138024459e-01 9.756148452626633300e-03 -2.285255443162802713e+00 -1.476774657789989287e-01 9.872749149614704622e-01 -5.898820550680609898e-02 -2.045710863553584957e+01 -1.839164069087988532e-02 5.689058247408303182e-02 9.982110043364863516e-01 3.972294948915135819e+02
9.885292722064866755e-01 1.507267727891279108e-01 9.556042878193499526e-03 -2.285255443162802713e+00 -1.498666567011867901e-01 9.867895150008810790e-01 -6.153404174547446454e-02 -2.045710863553584957e+01 -1.870463044606705122e-02 5.939606930512928568e-02 9.980592385980784353e-01 3.972294948915135819e+02
9.884072630769034085e-01 1.515618610241191710e-01 8.948998811721503924e-03 -2.285255443162802713e+00 -1.506983305357363356e-01 9.865314193328277304e-01 -6.360638209250496500e-02 -2.045710863553584957e+01 -1.846877014228668484e-02 6.152041085738375881e-02 9.979349395513565923e-01 3.972294948915135819e+02
9.881655527711471487e-01 1.531788132460099594e-01 8.067929662483425482e-03 -2.285255443162802713e+00 -1.523708723093093187e-01 9.862905087250029013e-01 -6.335731742012418177e-02 -2.045710863553584957e+01 -1.766232114403371370e-02 6.137820111015118013e-02 9.979582951407771629e-01 3.972294948915135819e+02
9.879806665406064559e-01 1.544162415656128717e-01 7.058815958125785710e-03 -2.285255443162802713e+00 -1.537206393389206893e-01 9.862806443844330806e-01 -6.017022148754538197e-02 -2.045710863553584957e+01 -1.625323300804867518e-02 5.836192982910202998e-02 9.981631718128096686e-01 3.972294948915135819e+02
9.877937524237756506e-01 1.556501859893333617e-01 6.043366118641489530e-03 -2.285255443162802713e+00 -1.550545190844630217e-01 9.862400729789863041e-01 -5.734644332379236487e-02 -2.045710863553584957e+01 -1.488619441106277773e-02 5.570940721178883198e-02 9.983360472125939467e-01 3.972294948915135819e+02
9.876593992389390841e-01 1.565380593319166680e-01 4.974643261242913533e-03 -2.285255443162802713e+00 -1.559805263558853017e-01 9.860096649001137692e-01 -5.877938517291185494e-02 -2.045710863553584957e+01 -1.410625721870660890e-02 5.727806477319079270e-02 9.982586021683546029e-01 3.972294948915135819e+02
9.872801684398425648e-01 1.588914597036165111e-01 5.601164044340415510e-03 -2.285255443162802713e+00 -1.582568447525176669e-01 9.854962256704665746e-01 -6.125324708324824535e-02 -2.045710863553584957e+01 -1.525254386570222553e-02 5.958769354923793699e-02 9.981065407475828710e-01 3.972294948915135819e+02
9.874350728401826149e-01 1.579795527831374113e-01 3.799714139861905954e-03 -2.285255443162802713e+00 -1.574704492693155544e-01 9.856969910235446886e-01 -6.003748407494358119e-02 -2.045710863553584957e+01 -1.323006167879583334e-02 5.868477476798407422e-02 9.981888912818083215e-01 3.972294948915135819e+02
9.875707656336135676e-01 1.571522934290269791e-01 2.671990987371162217e-03 -2.285255443162802713e+00 -1.567154970865562158e-01 9.858402341796561608e-01 -5.965974895617055102e-02 -2.045710863553584957e+01 -1.200982259457813311e-02 5.849948155835775487e-02 9.982151946442457957e-01 3.972294948915135819e+02
9.875269798078640804e-01 1.574354570487193905e-01 2.130965842178165603e-03 -2.285255443162802713e+00 -1.570169673947796329e-01 9.857245065572972642e-01 -6.076898158204204620e-02 -2.045710863553584957e+01 -1.166773764302554348e-02 5.967641105355291770e-02 9.981495829093254279e-01 3.972294948915135819e+02
9.875350018372528460e-01 1.573898624739410723e-01 1.746807583090607876e-03 -2.285255443162802713e+00 -1.569794524774845157e-01 9.856488873895015157e-01 -6.207835603256513929e-02 -2.045710863553584957e+01 -1.149224286933059683e-02 6.103033654069566633e-02 9.980697502557429601e-01 3.972294948915135819e+02
9.874728398427856657e-01 1.577771207646220253e-01 1.941838317476520751e-03 -2.285255443162802713e+00 -1.573473181185287284e-01 9.855539388998787453e-01 -6.265185551792770702e-02 -2.045710863553584957e+01 -1.179881577667544860e-02 6.156146263823315812e-02 9.980335536764828319e-01 3.972294948915135819e+02
9.874205026970811483e-01 1.580546445052962712e-01 4.413638379953684944e-03 -2.285255443162802713e+00 -1.574642904176750957e-01 9.854981323016226424e-01 -6.323312797316138489e-02 -2.045710863553584957e+01 -1.434392194285506739e-02 6.174269657470816963e-02 9.979890236485470245e-01 3.972294948915135819e+02
9.874672217063467095e-01 1.577457037480287927e-01 4.977851402856338717e-03 -2.285255443162802713e+00 -1.571117689302890530e-01 9.855140258082275562e-01 -6.385919666621464597e-02 -2.045710863553584957e+01 -1.497925629479991347e-02 6.227678447301121523e-02 9.979465035744933266e-01 3.972294948915135819e+02
9.875074866828629228e-01 1.574880575852455056e-01 5.145431305797231944e-03 -2.285255443162802713e+00 -1.568329681259328645e-01 9.855103447775179770e-01 -6.459706220337288474e-02 -2.045710863553584957e+01 -1.524414163232776578e-02 6.298310927957295746e-02 9.978981631866902235e-01 3.972294948915135819e+02
9.875495864274089763e-01 1.572235972778357471e-01 5.153135557244581735e-03 -2.285255443162802713e+00 -1.565756010829423561e-01 9.855814711289222485e-01 -6.413458437429241099e-02 -2.045710863553584957e+01 -1.516230498868102912e-02 6.252922697718871214e-02 9.979279534520839601e-01 3.972294948915135819e+02
9.874331367627231515e-01 1.579344675980456636e-01 5.701260163533848450e-03 -2.285255443162802713e+00 -1.572366419446447339e-01 9.854176602800469587e-01 -6.502824953947375364e-02 -2.045710863553584957e+01 -1.588832442084703658e-02 6.331460141798475605e-02 9.978671366441420609e-01 3.972294948915135819e+02
9.875516433410893580e-01 1.571860924957232675e-01 5.855259195038669921e-03 -2.285255443162802713e+00 -1.564563367048281417e-01 9.854438526859317093e-01 -6.649682630330443212e-02 -2.045710863553584957e+01 -1.622240546961691704e-02 6.475295768868216673e-02 9.977694563531930294e-01 3.972294948915135819e+02
9.876742708786777625e-01 1.563835119495728121e-01 6.613004959289977766e-03 -2.285255443162802713e+00 -1.556384158946812479e-01 9.856999294929718047e-01 -6.459359484765596349e-02 -2.045710863553584957e+01 -1.661981173383310362e-02 6.276819407842365584e-02 9.978897412390130839e-01 3.972294948915135819e+02
9.880585171341432771e-01 1.539634213306730615e-01 5.969221962118362659e-03 -2.285255443162802713e+00 -1.532699582456876208e-01 9.860970623179440286e-01 -6.419426444227105399e-02 -2.045710863553584957e+01 -1.576980082450672380e-02 6.251278733245417552e-02 9.979195683029178365e-01 3.972294948915135819e+02
9.880862545756199378e-01 1.537718136003433100e-01 6.307365597934056975e-03 -2.285255443162802713e+00 -1.530401190059544891e-01 9.860619649345693238e-01 -6.527268405709873988e-02 -2.045710863553584957e+01 -1.625655232108188381e-02 6.352976193435448671e-02 9.978475303648325356e-01 3.972294948915135819e+02
9.880229273256901923e-01 1.541948622957041992e-01 5.885534842663213070e-03 -2.285255443162802713e+00 -1.534854482823109212e-01 9.859774783013792732e-01 -6.550289648580268076e-02 -2.045710863553584957e+01 -1.590321490622212397e-02 6.381501958050700418e-02 9.978350219508158592e-01 3.972294948915135819e+02
9.877147025363413047e-01 1.561881142574237102e-01 4.993932143939451909e-03 -2.285255443162802713e+00 -1.555599601508258489e-01 9.857762168215419285e-01 -6.361092002856540140e-02 -2.045710863553584957e+01 -1.485816918135757052e-02 6.205258506877021213e-02 9.979622795952061143e-01 3.972294948915135819e+02
9.874959031066912196e-01 1.575239569323335642e-01 6.168009393797376991e-03 -2.285255443162802713e+00 -1.568326782300074607e-01 9.856233362425078637e-01 -6.285021951743700874e-02 -2.045710863553584957e+01 -1.597974926914218913e-02 6.109698885024805737e-02 9.980039105969110702e-01 3.972294948915135819e+02
9.873391857789846071e-01 1.584807964658813129e-01 6.720816679001143622e-03 -2.285255443162802713e+00 -1.577437260678765940e-01 9.854385921685892002e-01 -6.346414697299827823e-02 -2.045710863553584957e+01 -1.668080068568661423e-02 6.160047253331307066e-02 9.979614885716563411e-01 3.972294948915135819e+02
9.874278112365885152e-01 1.579763797901651556e-01 5.457199365509599401e-03 -2.285255443162802713e+00 -1.573216024010998249e-01 9.855199908872598336e-01 -6.324761639401296764e-02 -2.045710863553584957e+01 -1.536980853725028288e-02 6.159392007306726396e-02 9.979829447418228083e-01 3.972294948915135819e+02
9.874923861305049400e-01 1.575722706183912691e-01 5.455901982948226266e-03 -2.285255443162802713e+00 -1.569085636817002527e-01 9.855449000962841488e-01 -6.388233353243984169e-02 -2.045710863553584957e+01 -1.544312072182780528e-02 6.222724022780114911e-02 9.979425236936253496e-01 3.972294948915135819e+02
9.865401354100326037e-01 1.594730774621222202e-01 3.615105517015947817e-02 -2.285255443162802713e+00 -1.570822359873282892e-01 9.856736226334475992e-01 -6.142215220810842008e-02 -2.045710863553584957e+01 -4.542832114856674292e-02 5.491672977713291798e-02 9.974569767304288792e-01 3.972294948915135819e+02
9.863887256122756408e-01 1.613603633731662546e-01 3.162459671002718076e-02 -2.285255443162802713e+00 -1.592423990596913974e-01 9.853636601100476122e-01 -6.083022009037532263e-02 -2.045710863553584957e+01 -4.097731478154927748e-02 5.496626662425952575e-02 9.976470163372834765e-01 3.972294948915135819e+02
9.862882582714994628e-01 1.619039113319755696e-01 3.197804076520756322e-02 -2.285255443162802713e+00 -1.597626791238698496e-01 9.852745683298493873e-01 -6.090904170639394044e-02 -2.045710863553584957e+01 -4.136856239872190033e-02 5.496497519180343350e-02 9.976309405522799656e-01 3.972294948915135819e+02
9.857063728515103040e-01 1.652477096214740870e-01 3.280458786172782415e-02 -2.285255443162802713e+00 -1.629834628766943239e-01 9.846375712781215706e-01 -6.265176818129104819e-02 -2.045710863553584957e+01 -4.265369091464540907e-02 5.640964183876679555e-02 9.974961729044272696e-01 3.972294948915135819e+02
9.855961765234565464e-01 1.658539943909606018e-01 3.305494466653977753e-02 -2.285255443162802713e+00 -1.635509421630220728e-01 9.845078428251645697e-01 -6.320915070880121778e-02 -2.045710863553584957e+01 -4.302634239547524497e-02 5.689252991653017538e-02 9.974527426899798543e-01 3.972294948915135819e+02
9.853626859068813637e-01 1.672090970602466697e-01 3.318877946949571472e-02 -2.285255443162802713e+00 -1.648979181100473090e-01 9.842845867756243594e-01 -6.318646088292649565e-02 -2.045710863553584957e+01 -4.323255515638674273e-02 5.678882016941712990e-02 9.974497361162690812e-01 3.972294948915135819e+02
9.851984879705862896e-01 1.681506834314470122e-01 3.330595985719245894e-02 -2.285255443162802713e+00 -1.658731255465930865e-01 9.841813172888309591e-01 -6.223536712372465529e-02 -2.045710863553584957e+01 -4.324402296128199846e-02 5.578962592774590334e-02 9.975056251054253975e-01 3.972294948915135819e+02
9.848979372855446446e-01 1.698486170030739650e-01 3.357827322575557966e-02 -2.285255443162802713e+00 -1.675708683503396024e-01 9.839178492944840038e-01 -6.185200012957813021e-02 -2.045710863553584957e+01 -4.354373905619087631e-02 5.529116694246183350e-02 9.975203404678755215e-01 3.972294948915135819e+02
9.846415622949170610e-01 1.712677119249989000e-01 3.388752946736357102e-02 -2.285255443162802713e+00 -1.689600308735467460e-01 9.836639126693359492e-01 -6.211131039723879338e-02 -2.045710863553584957e+01 -4.397160184296285135e-02 5.543173968068767360e-02 9.974937696383550101e-01 3.972294948915135819e+02
9.844283183081337096e-01 1.724668926591888252e-01 3.400083895294660902e-02 -2.285255443162802713e+00 -1.701380316846183294e-01 9.834412499186112600e-01 -6.242081490178213316e-02 -2.045710863553584957e+01 -4.420335154153207102e-02 5.566398202610457063e-02 9.974705934600239798e-01 3.972294948915135819e+02
