1.000000000000000000e+00 0.000000000000000000e+00 0.000000000000000000e+00 -1.906126607639510251e+00 0.000000000000000000e+00 1.000000000000000000e+00 0.000000000000000000e+00 -5.969707900445201609e+00 0.000000000000000000e+00 0.000000000000000000e+00 1.000000000000000000e+00 3.935291102507422920e+02
9.999998296124569253e-01 -5.742739887118108099e-04 -1.048066933408324460e-04 -1.906126607639510251e+00 5.744547584594707516e-04 9.999983333720200429e-01 1.732990165230449556e-03 -5.969707900445201609e+00 1.038113074924969454e-04 -1.733050076654196964e-03 9.999984928791864069e-01 3.935291102507422920e+02
9.999985693437305478e-01 -1.192991923660175705e-03 -1.199200050882382601e-03 -1.906126607639510251e+00 1.195244822474841092e-03 9.999975190365615330e-01 1.879710226678410999e-03 -5.969707900445201609e+00 1.196954596591666550e-03 -1.881140875111091560e-03 9.999975143012613810e-01 3.935291102507422920e+02
9.999994302892954989e-01 -4.939932475124103866e-04 -9.462514229949857761e-04 -1.906126607639510251e+00 4.948850014725812013e-04 9.999994334808612884e-01 9.424047920502569634e-04 -5.969707900445201609e+00 9.457853453217599958e-04 -9.428725407889893082e-04 9.999991082403286713e-01 3.935291102507422920e+02
9.999989911763749184e-01 -1.083068518480362775e-03 -9.190260147263962969e-04 -1.906126607639510251e+00 1.083935323271877429e-03 9.999989677243698027e-01 9.432043309964728561e-04 -5.969707900445201609e+00 9.180035111208511818e-04 -9.441995442299783072e-04 9.999991328780113431e-01 3.935291102507422920e+02
9.999980406151307566e-01 -1.408094093142122846e-03 -1.391415438680564326e-03 -1.906126607639510251e+00 1.411808912861441676e-03 9.999954323988844429e-01 2.672447747226244525e-03 -5.969707900445201609e+00 1.387646025362769585e-03 -2.674406923590341625e-03 9.999954609827564900e-01 3.935291102507422920e+02
9.999979401338319196e-01 -1.633661729639968030e-03 -1.204523742087113859e-03 -1.906126607639510251e+00 1.638079866511550197e-03 9.999919013262872358e-01 3.676136040496301178e-03 -5.969707900445201609e+00 1.198508424280064679e-03 -3.678101574238621090e-03 9.999925175451899184e-01 3.935291102507422920e+02
9.999997483015227173e-01 -7.077783189792378245e-04 -4.946454505370225164e-05 -1.906126607639510251e+00 7.079899487238574098e-04 9.999899897654414005e-01 4.418044719694947178e-03 -5.969707900445201609e+00 4.633705363715069056e-05 -4.418078628080464136e-03 9.999902391694199810e-01 3.935291102507422920e+02
9.999986292723054282e-01 1.289536423888007141e-03 -1.038532290657769551e-03 -1.906126607639510251e+00 -1.286090743068890206e-03 9.999936892919631948e-01 3.311698484364365529e-03 -5.969707900445201609e+00 1.042796292604205753e-03 -3.310358298162058635e-03 9.999939770337771261e-01 3.935291102507422920e+02
9.999827497540856314e-01 5.724617995056457791e-03 -1.314892796128896112e-03 -1.906126607639510251e+00 -5.725038872147788019e-03 9.999835617297597734e-01 -3.165441169237424813e-04 -5.969707900445201609e+00 1.313059087417777979e-03 3.240664688305164797e-04 9.999990854279604546e-01 3.935291102507422920e+02
9.999556057882152960e-01 9.320107784071222229e-03 -1.386377875482628719e-03 -1.906126607639510251e+00 -9.321727754976994254e-03 9.999558711795117905e-01 -1.166655599416178968e-03 -5.969707900445201609e+00 1.375443340328749839e-03 1.179527243781279544e-03 9.999983584342022613e-01 3.935291102507422920e+02
9.999316596521538036e-01 1.156133727495779751e-02 -1.735369038727926092e-03 -1.906126607639510251e+00 -1.156333245507739325e-02 9.999324878884734424e-01 -1.144118745232590223e-03 -5.969707900445201609e+00 1.722024337603573303e-03 1.164107204886719298e-03 9.999978397409650110e-01 3.935291102507422920e+02
9.999095958228201297e-01 1.334388430905752293e-02 -1.655576330902196669e-03 -1.906126607639510251e+00 -1.334482151830273036e-02 9.999107991323641365e-01 -5.563426316655929130e-04 -5.969707900445201609e+00 1.648004880343876362e-03 5.783857066136541443e-04 9.999984747737814539e-01 3.935291102507422920e+02
9.999377038400784068e-01 1.108926140437368514e-02 -1.271503257344144258e-03 -1.906126607639510251e+00 -1.108702156498411404e-02 9.999369964719694304e-01 1.755288989538816369e-03 -5.969707900445201609e+00 1.290888006598223288e-03 -1.741082457741006473e-03 9.999976511172564697e-01 3.935291102507422920e+02
9.999761659379143852e-01 6.826505881036398424e-03 -1.032653650291821389e-03 -1.906126607639510251e+00 -6.822579814037623390e-03 9.999696613398086908e-01 3.758830221219937665e-03 -5.969707900445201609e+00 1.058281997574591618e-03 -3.751695271077613251e-03 9.999924023820414565e-01 3.935291102507422920e+02
9.999882152010575176e-01 4.588708500259565046e-03 -1.585311735686999223e-03 -1.906126607639510251e+00 -4.586242927313453378e-03 9.999882734675141771e-01 1.555410966292253153e-03 -5.969707900445201609e+00 1.592430472999841048e-03 -1.548122011351263979e-03 9.999975337386722840e-01 3.935291102507422920e+02
9.999827697392918990e-01 3.381783184872151626e-03 -4.798308766809204068e-03 -1.906126607639510251e+00 -3.390191070075600135e-03 9.999927303971857251e-01 -1.745209812926812190e-03 -5.969707900445201609e+00 4.792371963810882797e-03 1.761446926039678161e-03 9.999869651528904280e-01 3.935291102507422920e+02
9.999759076494175725e-01 6.122210172049860795e-03 -3.271492523190718156e-03 -1.906126607639510251e+00 -6.134342927140119979e-03 9.999742967672632377e-01 -3.711555155306573220e-03 -5.969707900445201609e+00 3.248685514531054336e-03 3.731534192239601734e-03 9.999877607726008755e-01 3.935291102507422920e+02
9.999579627766318479e-01 8.884051623233791412e-03 -2.268547191249145525e-03 -1.906126607639510251e+00 -8.887407024592727106e-03 9.999594208318539623e-01 -1.473324813219401572e-03 -5.969707900445201609e+00 2.255366041792958819e-03 1.493424380978651328e-03 9.999963414971260178e-01 3.935291102507422920e+02
9.999574390130353541e-01 9.070360545061975990e-03 -1.687815768820544833e-03 -1.906126607639510251e+00 -9.066591077780876071e-03 9.999564160823674053e-01 2.227748176632568262e-03 -5.969707900445201609e+00 1.707948686362936036e-03 -2.212350626080557704e-03 9.999960942003688347e-01 3.935291102507422920e+02
9.999743778299121644e-01 7.115436198999139372e-03 -7.837419054906185917e-04 -1.906126607639510251e+00 -7.111924237083244033e-03 9.999650464315594789e-01 4.396185707772671571e-03 -5.969707900445201609e+00 8.149952898371117752e-04 -4.390499154901078907e-03 9.999900296002202094e-01 3.935291102507422920e+02
9.999941424587036609e-01 3.332401797741572479e-03 -7.811187721274531455e-04 -1.906126607639510251e+00 -3.330277448655883689e-03 9.999907951849498211e-01 2.705327611985369925e-03 -5.969707900445201609e+00 7.901268206716272708e-04 -2.702710423185362715e-03 9.999960355201297224e-01 3.935291102507422920e+02
9.999975079104933551e-01 2.099928390294377584e-03 -7.579403371022848043e-04 -1.906126607639510251e+00 -2.099247339260994997e-03 9.999973931640400160e-01 8.982347874519152307e-04 -5.969707900445201609e+00 7.598245900078378148e-04 -8.966414447341800346e-04 9.999993093501177155e-01 3.935291102507422920e+02
9.999991735926797576e-01 1.010293376555530245e-03 -7.950605302911769581e-04 -1.906126607639510251e+00 -1.011223364059042141e-03 9.999988040580022330e-01 -1.170175146617185918e-03 -5.969707900445201609e+00 7.938773592452211519e-04 1.170978163360217967e-03 9.999989992839393160e-01 3.935291102507422920e+02
9.999931104704798956e-01 3.664279540834188519e-03 -5.933523551363630326e-04 -1.906126607639510251e+00 -3.664678679677076112e-03 9.999930585763691093e-01 -6.730001882861876266e-04 -5.969707900445201609e+00 5.908821756057510083e-04 6.751699973571828302e-04 9.999995975017840211e-01 3.935291102507422920e+02
9.999910610607860573e-01 4.227307945057118092e-03 -8.755602097606153165e-05 -1.906126607639510251e+00 -4.227522107316497753e-03 9.999876570382840724e-01 -2.610330997299039474e-03 -5.969707900445201609e+00 7.652026731170711790e-05 2.610677808723490135e-03 9.999965892471978091e-01 3.935291102507422920e+02
9.999849980466269939e-01 5.476830120253749906e-03 -8.951825162813735915e-05 -1.906126607639510251e+00 -5.476998156760498962e-03 9.999830027703761059e-01 -1.999165209032631712e-03 -5.969707900445201609e+00 7.856764183404199131e-05 1.999625508948796402e-03 9.999979976604707055e-01 3.935291102507422920e+02
9.999841558167342770e-01 5.589734001598348039e-03 -6.655743985184779232e-04 -1.906126607639510251e+00 -5.590473217353249431e-03 9.999837526617459948e-01 -1.114011552544033569e-03 -5.969707900445201609e+00 6.593365564530142588e-04 1.117714777790161824e-03 9.999991579941365227e-01 3.935291102507422920e+02
9.999790616251690301e-01 6.405594545901036746e-03 -9.190591685607157977e-04 -1.906126607639510251e+00 -6.404780281154541163e-03 9.999790965002477439e-01 8.862009361481456215e-04 -5.969707900445201609e+00 9.247166008911238740e-04 -8.802960085005393865e-04 9.999991849887411854e-01 3.935291102507422920e+02
9.999482084047941477e-01 1.012182393740089330e-02 -1.062632682478794818e-03 -1.906126607639510251e+00 -1.012093311418475403e-02 9.999484289123184988e-01 8.403741339623757665e-04 -5.969707900445201609e+00 1.071084000381412058e-03 -8.295757753408762852e-04 9.999990822911279942e-01 3.935291102507422920e+02
9.999017790876068013e-01 1.399808688365858367e-02 -6.969512405003888255e-04 -1.906126607639510251e+00 -1.399800659415065783e-02 9.999020159116996931e-01 1.199462805149166810e-04 -5.969707900445201609e+00 6.985619688248261320e-04 -1.101785712212098199e-04 9.999997499358983521e-01 3.935291102507422920e+02
9.998398803598872453e-01 1.784394797046178968e-02 1.344307535678018316e-03 -1.906126607639510251e+00 -1.784423320026214468e-02 9.998407588956474967e-01 2.004805989718117431e-04 -5.969707900445201609e+00 -1.340516101284018212e-03 -2.244366352497485328e-04 9.999990763219634982e-01 3.935291102507422920e+02
9.998329414950213323e-01 1.825264945447565082e-02 9.643076800772424273e-04 -1.906126607639510251e+00 -1.825276918433904952e-02 9.998333976595248362e-01 1.155063366216695325e-04 -5.969707900445201609e+00 -9.620387274881430978e-04 -1.330883258126932687e-04 9.999995283843814420e-01 3.935291102507422920e+02
9.998537487039119709e-01 1.709560606287855236e-02 4.705911958136338837e-04 -1.906126607639510251e+00 -1.709552002417250027e-02 9.998538435720335515e-01 -1.862507307502729559e-04 -5.969707900445201609e+00 -4.737064850067271705e-04 1.781784901284712026e-04 9.999998719272881198e-01 3.935291102507422920e+02
9.998575296406583268e-01 1.687262736109730252e-02 -4.846305911720613906e-04 -1.906126607639510251e+00 -1.687299424242162324e-02 9.998573496268045036e-01 -7.631923462307615025e-04 -5.969707900445201609e+00 4.716843983750913707e-04 7.712607831176824212e-04 9.999995913352334176e-01 3.935291102507422920e+02
9.998673620774979343e-01 1.624527721044133691e-02 -1.161559528319437403e-03 -1.906126607639510251e+00 -1.624583045603965673e-02 9.998679180477441086e-01 -4.684566822760743033e-04 -5.969707900445201609e+00 1.153795898605345510e-03 4.872650463169522989e-04 9.999992156635924001e-01 3.935291102507422920e+02
9.998653754467208277e-01 1.628915052702611249e-02 -1.973463425396527852e-03 -1.906126607639510251e+00 -1.628636543469056883e-02 9.998663611319626998e-01 1.419217268774832647e-03 -5.969707900445201609e+00 1.996317537700573359e-03 -1.386885660765699562e-03 9.999970456278626241e-01 3.935291102507422920e+02
9.998551761326635035e-01 1.654667841502050971e-02 -3.979220293692814318e-03 -1.906126607639510251e+00 -1.654362313388071937e-02 9.998628252542848260e-01 7.995049247524171464e-04 -5.969707900445201609e+00 3.991903596042675924e-03 -7.335584164514058437e-04 9.999917632649433230e-01 3.935291102507422920e+02
9.998050346746418793e-01 1.905356353244874387e-02 -5.182118866701217186e-03 -1.906126607639510251e+00 -1.905337111426201255e-02 9.998184643056999832e-01 8.650187607830601435e-05 -5.969707900445201609e+00 5.182826296147029395e-03 1.225182271389761508e-05 9.999865689905427235e-01 3.935291102507422920e+02
9.998343319605927926e-01 1.695170435071038928e-02 -6.629355362077516377e-03 -1.906126607639510251e+00 -1.693903596943072479e-02 9.998545983384781177e-01 1.962458108431974595e-03 -5.969707900445201609e+00 6.661658452448529152e-03 -1.849838102912050542e-03 9.999760999172213616e-01 3.935291102507422920e+02
9.998434578303913023e-01 1.594294964413860843e-02 -7.673473164493080714e-03 -1.906126607639510251e+00 -1.592340773013682653e-02 9.998698312600359239e-01 2.601080984364752009e-03 -5.969707900445201609e+00 7.713943221314861418e-03 -2.478485963599332161e-03 9.999671755549314200e-01 3.935291102507422920e+02
9.998597395770026930e-01 1.460939124217095625e-02 -8.189435910660982504e-03 -1.906126607639510251e+00 -1.458779248371980253e-02 9.998899714842437447e-01 2.690954420224646055e-03 -5.969707900445201609e+00 8.227848045123480752e-03 -2.571111194195629685e-03 9.999628452616495800e-01 3.935291102507422920e+02
9.998826879867145356e-01 1.271732468150399073e-02 -8.536973550431177851e-03 -1.906126607639510251e+00 -1.270096227191028042e-02 9.999174025782132658e-01 1.968140901511402155e-03 -5.969707900445201609e+00 8.561297905290232366e-03 -1.859482235959287024e-03 9.999616225155800731e-01 3.935291102507422920e+02
9.999048292629871826e-01 1.064658419583943381e-02 -8.773976379636649545e-03 -1.906126607639510251e+00 -1.062606645856105717e-02 9.999407051439460625e-01 2.381786692281724453e-03 -5.969707900445201609e+00 8.798814020526830523e-03 -2.288327159770660400e-03 9.999586713612932387e-01 3.935291102507422920e+02
9.999026634128014290e-01 1.055968942916577294e-02 -9.119027313166345322e-03 -1.906126607639510251e+00 -1.053514067738832091e-02 9.999407611018600317e-01 2.735890703617469780e-03 -5.969707900445201609e+00 9.147377268179211415e-03 -2.639554165767818428e-03 9.999546780944225111e-01 3.935291102507422920e+02
9.999036771255862543e-01 1.066522349362880942e-02 -8.881974924253244197e-03 -1.906126607639510251e+00 -1.064885954542750361e-02 9.999415175974027958e-01 1.887637514499324390e-03 -5.969707900445201609e+00 8.901587560987621675e-03 -1.792872788373231323e-03 9.999587728231895678e-01 3.935291102507422920e+02
9.999158193342913004e-01 1.023640015550488468e-02 -7.973102086489056509e-03 -1.906126607639510251e+00 -1.022313411483209526e-02 9.999462925024745763e-01 1.702832765400276839e-03 -5.969707900445201609e+00 7.990104748713679206e-03 -1.621179327862589011e-03 9.999667644495450203e-01 3.935291102507422920e+02
9.999275730646235427e-01 9.353136398538353102e-03 -7.574131276465540137e-03 -1.906126607639510251e+00 -9.350904758673891232e-03 9.999562248819995336e-01 3.299999037405022839e-04 -5.969707900445201609e+00 7.576886252086993331e-03 -2.591510226623698100e-04 9.999712614047819859e-01 3.935291102507422920e+02
9.999236259104368196e-01 1.006329794841766267e-02 -7.174425448556199895e-03 -1.906126607639510251e+00 -1.006294432470752724e-02 9.999493636482634784e-01 8.538707854826648412e-05 -5.969707900445201609e+00 7.174921437438700617e-03 -1.318471333678796875e-05 9.999742598329871557e-01 3.935291102507422920e+02
9.999281137822855214e-01 1.009941331213365379e-02 -6.462903259531876769e-03 -1.906126607639510251e+00 -1.010366259862749937e-02 9.999487612656783320e-01 -6.251762396746703750e-04 -5.969707900445201609e+00 6.456258195312041155e-03 6.904302920617928427e-04 9.999789197958764975e-01 3.935291102507422920e+02
9.998820771069822921e-01 1.417869313682755712e-02 -5.898859309110852586e-03 -1.906126607639510251e+00 -1.417531103984065802e-02 9.998993362440804500e-01 6.147646488739077954e-04 -5.969707900445201609e+00 5.906982067085547045e-03 -5.310739885605961913e-04 9.999824126069811747e-01 3.935291102507422920e+02
9.998653968310142748e-01 1.557671310654808530e-02 -5.153079539954269310e-03 -1.906126607639510251e+00 -1.556891634967229147e-02 9.998775961438757243e-01 1.549701017645946886e-03 -5.969707900445201609e+00 5.176588031301151104e-03 -1.469264558676756623e-03 9.999855219941994333e-01 3.935291102507422920e+02
9.998004692832497264e-01 1.920051974276650378e-02 -5.510141794155598571e-03 -1.906126607639510251e+00 -1.919490013078315946e-02 9.998151873598598582e-01 1.070949830689601166e-03 -5.969707900445201609e+00 5.529686243671425722e-03 -9.649695218565301942e-04 9.999842455778338302e-01 3.935291102507422920e+02
9.997241065850667185e-01 2.267559644995974927e-02 -6.126013248378994053e-03 -1.906126607639510251e+00 -2.267290888776115829e-02 9.997428075896327426e-01 5.078143042253497599e-04 -5.969707900445201609e+00 6.135952676500493717e-03 -3.687796613765946183e-04 9.999811068646817791e-01 3.935291102507422920e+02
9.996331349031022384e-01 2.646991598902332862e-02 -5.739264005153426294e-03 -1.906126607639510251e+00 -2.647196986897366183e-02 9.996495161728998768e-01 -2.821817591920483667e-04 -5.969707900445201609e+00 5.729783158481376905e-03 4.340078603686192650e-04 9.999834904747851860e-01 3.935291102507422920e+02
9.996242555602866675e-01 2.682402275082993587e-02 -5.640877502314555272e-03 -1.906126607639510251e+00 -2.682513668568695109e-02 9.996401338398283043e-01 -1.218953904674442370e-04 -5.969707900445201609e+00 5.635577816661158958e-03 2.731668989796939969e-04 9.999840826945790573e-01 3.935291102507422920e+02
9.995581542082067061e-01 2.943425580967227312e-02 -4.137745860232053957e-03 -1.906126607639510251e+00 -2.943638681567882845e-02 9.995665520920761216e-01 -4.550494465579320302e-04 -5.969707900445201609e+00 4.122558321129805164e-03 5.766486725622764053e-04 9.999913359570663518e-01 3.935291102507422920e+02
9.996220520412866239e-01 2.719811666471855238e-02 -4.001939860799182298e-03 -1.906126607639510251e+00 -2.720039332552046107e-02 9.996298679036558221e-01 -5.155558736911817997e-04 -5.969707900445201609e+00 3.986436465609643175e-03 6.242153586805319031e-04 9.999918593066108308e-01 3.935291102507422920e+02
9.996317613793448409e-01 2.673753648175618280e-02 -4.630959350456802931e-03 -1.906126607639510251e+00 -2.674373903374741707e-02 9.996414993548012884e-01 -1.282649672202266578e-03 -5.969707900445201609e+00 4.595004256138340328e-03 1.406026519401291615e-03 9.999884544460070357e-01 3.935291102507422920e+02
9.995499297128775940e-01 2.970947169541243715e-02 -4.157559686995973905e-03 -1.906126607639510251e+00 -2.971632393083166110e-02 9.995570980814310058e-01 -1.596172630946477876e-03 -5.969707900445201609e+00 4.108296850234335190e-03 1.719001631493271252e-03 9.999900834160218022e-01 3.935291102507422920e+02
9.995675290842658267e-01 2.908693325171648678e-02 -4.324940967923769988e-03 -1.906126607639510251e+00 -2.909429372723706941e-02 9.995753116006217409e-01 -1.648790779586319132e-03 -5.969707900445201609e+00 4.275145948315215577e-03 1.773908828402316834e-03 9.999892881299229375e-01 3.935291102507422920e+02
9.995630691400235746e-01 2.914743084310881041e-02 -4.908980200939788534e-03 -1.906126607639510251e+00 -2.915766650258883735e-02 9.995727704757384480e-01 -2.026575333445647040e-03 -5.969707900445201609e+00 4.847813475284358173e-03 2.168824267709777709e-03 9.999858973534603290e-01 3.935291102507422920e+02
9.995383507434557613e-01 2.988728469937499896e-02 -5.462197940532666739e-03 -1.906126607639510251e+00 -2.989712941379298744e-02 9.995514844148293276e-01 -1.729640693220999437e-03 -5.969707900445201609e+00 5.408053795801507496e-03 1.892146244593304310e-03 9.999835862336597936e-01 3.935291102507422920e+02
9.996562175483484358e-01 2.539133829665725373e-02 -6.536563043703335664e-03 -1.906126607639510251e+00 -2.540353887543216407e-02 9.996756749460895541e-01 -1.790288715675108491e-03 -5.969707900445201609e+00 6.488985246113787402e-03 1.955725079224261004e-03 9.999770338412230508e-01 3.935291102507422920e+02
9.996943769594470730e-01 2.347520021253889436e-02 -7.750332291878720380e-03 -1.906126607639510251e+00 -2.348303609740089171e-02 9.997238107156318776e-01 -9.215768358482935877e-04 -5.969707900445201609e+00 7.726557532417017808e-03 1.103296513711209126e-03 9.999695410588772537e-01 3.935291102507422920e+02
9.997743932023883673e-01 1.933693338763968136e-02 -8.788953518439236376e-03 -1.906126607639510251e+00 -1.933369754677076446e-02 9.998129839805681707e-01 4.529934246659613091e-04 -5.969707900445201609e+00 8.796069347015449472e-03 -2.829682571914228137e-04 9.999612737966450116e-01 3.935291102507422920e+02
9.998034511348957709e-01 1.752068488551062481e-02 -9.278184083420607312e-03 -1.906126607639510251e+00 -1.751941950567611692e-02 9.998464995038039982e-01 2.176469036673378142e-04 -5.969707900445201609e+00 9.280573200375853357e-03 -5.505572620657859633e-05 9.999569330375888132e-01 3.935291102507422920e+02
9.998378451793136223e-01 1.543298876310104928e-02 -9.279342919400542997e-03 -1.906126607639510251e+00 -1.543250854256266076e-02 9.998809041396656827e-01 1.233569159997635915e-04 -5.969707900445201609e+00 9.280141553971081245e-03 1.986662579235851437e-05 9.999569383618760465e-01 3.935291102507422920e+02
9.998353760001487123e-01 1.564981085307463188e-02 -9.181738337254202048e-03 -1.906126607639510251e+00 -1.565520304759239131e-02 9.998773168145175250e-01 -5.156911296068733899e-04 -5.969707900445201609e+00 9.172541423710123612e-03 6.593482124705357704e-04 9.999577139778292878e-01 3.935291102507422920e+02
9.998295136786957693e-01 1.625395956557375288e-02 -8.760843307188636436e-03 -1.906126607639510251e+00 -1.626535088502837831e-02 9.998669531774130315e-01 -1.230570723377119981e-03 -5.969707900445201609e+00 8.739676058043457235e-03 1.372859118342102756e-03 9.999608658943822670e-01 3.935291102507422920e+02
9.998407498413846017e-01 1.578582260438891188e-02 -8.323626692127703008e-03 -1.906126607639510251e+00 -1.579798115045932122e-02 9.998742281786142660e-01 -1.397002430699277728e-03 -5.969707900445201609e+00 8.300526981889556552e-03 1.528276455426839974e-03 9.999643821771352359e-01 3.935291102507422920e+02
9.998477612783830404e-01 1.505307054075368661e-02 -8.823793622356157842e-03 -1.906126607639510251e+00 -1.506666351147695551e-02 9.998854019082430433e-01 -1.476042487098227097e-03 -5.969707900445201609e+00 8.800563460765915835e-03 1.608762905680229723e-03 9.999599801815507449e-01 3.935291102507422920e+02
9.998235837868334475e-01 1.675880851792638238e-02 -8.481959720579187317e-03 -1.906126607639510251e+00 -1.676816293420440446e-02 9.998588709097553373e-01 -1.032944762006113857e-03 -5.969707900445201609e+00 8.463451745844665849e-03 1.174989416399354215e-03 9.999634940258659288e-01 3.935291102507422920e+02
9.998389705674819439e-01 1.589212055241440852e-02 -8.335072818733387304e-03 -1.906126607639510251e+00 -1.588569267186851208e-02 9.998734642378950266e-01 8.368280870447939715e-04 -5.969707900445201609e+00 8.347317106783488233e-03 -7.042849278962842307e-04 9.999649125243647019e-01 3.935291102507422920e+02
9.998458441468456304e-01 1.619275576257581811e-02 -6.788416831833956125e-03 -1.906126607639510251e+00 -1.616945552441194020e-02 9.998632330883310271e-01 3.473301915352188397e-03 -5.969707900445201609e+00 6.843730730634206907e-03 -3.363001481488185705e-03 9.999709263627234446e-01 3.935291102507422920e+02
9.998509658799530353e-01 1.579488282346394254e-02 -6.969053415349282972e-03 -1.906126607639510251e+00 -1.578189349576281097e-02 9.998736244462648193e-01 1.914934562705227329e-03 -5.969707900445201609e+00 6.998418864397897184e-03 -1.804664313349940491e-03 9.999738823189912029e-01 3.935291102507422920e+02
9.998646259222613297e-01 1.456148256275582170e-02 -7.661139268995418791e-03 -1.906126607639510251e+00 -1.455513197756726218e-02 9.998936776500351176e-01 8.840410648685822007e-04 -5.969707900445201609e+00 7.673197667216232441e-03 -7.724124954655269947e-04 9.999702622660824325e-01 3.935291102507422920e+02
9.998781843226204336e-01 1.310565948536740292e-02 -8.476921914322126800e-03 -1.906126607639510251e+00 -1.310276858884507761e-02 9.999140764378325885e-01 3.964804968153204357e-04 -5.969707900445201609e+00 8.481389685379344193e-03 -2.853610530854951816e-04 9.999639916507371273e-01 3.935291102507422920e+02
9.998990819191296842e-01 1.140158950677472305e-02 -8.475242414716118236e-03 -1.906126607639510251e+00 -1.138926157958831779e-02 9.999340130424549944e-01 1.501426482950120799e-03 -5.969707900445201609e+00 8.491801807688383399e-03 -1.404748209058818585e-03 9.999629573061842303e-01 3.935291102507422920e+02
9.999370821007806942e-01 7.472066126316389938e-03 -8.366604303301645659e-03 -1.906126607639510251e+00 -7.441950430077980301e-03 9.999657382288236196e-01 3.624878243561785104e-03 -5.969707900445201609e+00 8.393402978555746310e-03 -3.562386319344136923e-03 9.999584292310120803e-01 3.935291102507422920e+02
9.999577921060639474e-01 5.850589107980171469e-03 -7.084109925951377097e-03 -1.906126607639510251e+00 -5.825846855199763412e-03 9.999768755633052786e-01 3.508254134230277214e-03 -5.969707900445201609e+00 7.104471463326139831e-03 -3.466835118677488985e-03 9.999687532815653146e-01 3.935291102507422920e+02
9.999637795178990540e-01 6.013308102993301582e-03 -6.023269703793560255e-03 -1.906126607639510251e+00 -5.999324854635883220e-03 9.999792732340591073e-01 2.336921815637434379e-03 -5.969707900445201609e+00 6.037197491782779653e-03 -2.300701619562088747e-03 9.999791292914588237e-01 3.935291102507422920e+02
9.999657258659605530e-01 6.295839859926332521e-03 -5.376754951508388655e-03 -1.906126607639510251e+00 -6.293967758056483175e-03 9.999801261624470250e-01 3.650342426840110996e-04 -5.969707900445201609e+00 5.378946291889754455e-03 -3.311806091432807219e-04 9.999854785226606202e-01 3.935291102507422920e+02
9.999600409303688320e-01 7.921293086652481455e-03 -4.143628646275685640e-03 -1.906126607639510251e+00 -7.927810547749040981e-03 9.999673593956360795e-01 -1.558833935672814322e-03 -5.969707900445201609e+00 4.131145415255031011e-03 1.591621549007355297e-03 9.999902001411835606e-01 3.935291102507422920e+02
9.999319117871221518e-01 1.121737013984268859e-02 -3.215959714139472823e-03 -1.906126607639510251e+00 -1.122248987453859821e-02 9.999357801632816622e-01 -1.578375832084256015e-03 -5.969707900445201609e+00 3.198047959803979219e-03 1.614359438623908351e-03 9.999935831458375279e-01 3.935291102507422920e+02
9.999188265604068704e-01 1.270321038688732376e-02 -9.842438277021328414e-04 -1.906126607639510251e+00 -1.270274827208078307e-02 9.999192043252048689e-01 4.743500675716184499e-04 -5.969707900445201609e+00 9.901900737638801540e-04 -4.618089613629580660e-04 9.999994031278729434e-01 3.935291102507422920e+02
9.999042378522009500e-01 1.383853777796462299e-02 9.998682049647162901e-05 -1.906126607639510251e+00 -1.383876316569556016e-02 9.999003362666138983e-01 2.793952031976770778e-03 -5.969707900445201609e+00 -6.131264469176600767e-05 -2.795068171057445931e-03 9.999960919097033996e-01 3.935291102507422920e+02
9.999010377376496006e-01 1.387844551862381891e-02 2.302928819224611418e-03 -1.906126607639510251e+00 -1.388693770708385004e-02 9.998966761764018774e-01 3.713479837580102930e-03 -5.969707900445201609e+00 -2.251153544202597143e-03 -3.745092972270157826e-03 9.999904532476050489e-01 3.935291102507422920e+02
9.999177927720235282e-01 1.239711468717146631e-02 3.274025861858235673e-03 -1.906126607639510251e+00 -1.240635755964298106e-02 9.999190672157520776e-01 2.818033087984739889e-03 -5.969707900445201609e+00 -3.238825406444983870e-03 -2.858420160797495516e-03 9.999906696785586524e-01 3.935291102507422920e+02
9.998883222745079680e-01 1.434784267512056490e-02 4.181194760640375395e-03 -1.906126607639510251e+00 -1.435736635463731072e-02 9.998943810999303405e-01 2.256695847571520749e-03 -5.969707900445201609e+00 -4.148374430461671328e-03 -2.316474769890253336e-03 9.999887124034081420e-01 3.935291102507422920e+02
9.998519048050433788e-01 1.623524801600177703e-02 5.708342979496437881e-03 -1.906126607639510251e+00 -1.624664969496727659e-02 9.998660998795820820e-01 1.956702656146212718e-03 -5.969707900445201609e+00 -5.675811078767432037e-03 -2.049154326610988335e-03 9.999817929018229856e-01 3.935291102507422920e+02
9.998288351215588454e-01 1.705159698042021943e-02 7.179380187132006902e-03 -1.906126607639510251e+00 -1.705785606935405346e-02 9.998541748895788395e-01 8.114814829232616742e-04 -5.969707900445201609e+00 -7.164496198018988592e-03 -9.338074196926515486e-04 9.999738986583259770e-01 3.935291102507422920e+02
9.997869102099402605e-01 1.888506323316104310e-02 8.335979818109682735e-03 -1.906126607639510251e+00 -1.888837287763807382e-02 9.998215480492954610e-01 3.184750314317159837e-04 -5.969707900445201609e+00 -8.328477825142724042e-03 -4.758602627585557321e-04 9.999652044016967833e-01 3.935291102507422920e+02
9.997701844566359020e-01 1.969440795485678450e-02 8.468091097691980013e-03 -1.906126607639510251e+00 -1.969325189759056280e-02 9.998060449299190910e-01 -2.198892713577794218e-04 -5.969707900445201609e+00 -8.470779257504040122e-03 5.307448630733980951e-05 9.999641208972801509e-01 3.935291102507422920e+02
9.997374182257370290e-01 2.038873976198397539e-02 1.045915341899236045e-02 -1.906126607639510251e+00 -2.041212457247396778e-02 9.997893735206064836e-01 2.133955414884395815e-03 -5.969707900445201609e+00 -1.041344178271187172e-02 -2.346888619595936722e-03 9.999430245489218105e-01 3.935291102507422920e+02
9.997547964700580492e-01 1.903490304770001987e-02 1.131456588046439969e-02 -1.906126607639510251e+00 -1.907404353453339557e-02 9.998124229797429319e-01 3.361505409825014511e-03 -5.969707900445201609e+00 -1.124845759834005969e-02 -3.576495679010414149e-03 9.999303380137622987e-01 3.935291102507422920e+02
9.997759668182634174e-01 1.755721177460731544e-02 1.182203397449387190e-02 -1.906126607639510251e+00 -1.760350804333490546e-02 9.998377355555557733e-01 3.823488421422080279e-03 -5.969707900445201609e+00 -1.175298588278548065e-02 -4.030741103303765727e-03 9.999228072451380456e-01 3.935291102507422920e+02
9.998128972134660009e-01 1.530330469898826332e-02 1.183129033078167587e-02 -1.906126607639510251e+00 -1.535342830490635593e-02 9.998734862669785839e-01 4.157366907824117976e-03 -5.969707900445201609e+00 -1.176617205753889041e-02 -4.338239920738707310e-03 9.999213653430469861e-01 3.935291102507422920e+02
9.998295566840328386e-01 1.367638874819565066e-02 1.240217609153922498e-02 -1.906126607639510251e+00 -1.373917805850689150e-02 9.998931528885125486e-01 4.991772525591775186e-03 -5.969707900445201609e+00 -1.233258153324442649e-02 -5.161317416964051295e-03 9.999106301241366124e-01 3.935291102507422920e+02
9.998417198538228634e-01 1.182326125841905336e-02 1.329457532047254205e-02 -1.906126607639510251e+00 -1.188643223419926648e-02 9.999183891989638084e-01 4.682699060627355803e-03 -5.969707900445201609e+00 -1.323812556514217080e-02 -4.839982950964248805e-03 9.999006583638979651e-01 3.935291102507422920e+02
9.998623322506811073e-01 1.081482430069527316e-02 1.258396287187142290e-02 -1.906126607639510251e+00 -1.087369716199776924e-02 9.999302093743155373e-01 4.619425361254384833e-03 -5.969707900445201609e+00 -1.253312635557619556e-02 -4.755623616727756159e-03 9.999101483572272464e-01 3.935291102507422920e+02
9.998873796995297880e-01 9.526083706902055415e-03 1.159662221533194586e-02 -1.906126607639510251e+00 -9.590689588354550307e-03 9.999387264731773861e-01 5.528288380757000707e-03 -5.969707900445201609e+00 -1.154324871151791825e-02 -5.638885387198614915e-03 9.999174747851821143e-01 3.935291102507422920e+02
9.999120601545439246e-01 8.036624541396551746e-03 1.054915273677787049e-02 -1.906126607639510251e+00 -8.097900902875168616e-03 9.999505132395875018e-01 5.778847017665710191e-03 -5.969707900445201609e+00 -1.050218826962000598e-02 -5.863764820223253509e-03 9.999276575351258023e-01 3.935291102507422920e+02
9.999291886044254785e-01 7.693158289923488283e-03 9.079267173574117125e-03 -1.906126607639510251e+00 -7.746684704756571886e-03 9.999527350014061344e-01 5.875086322216608280e-03 -5.969707900445201609e+00 -9.033640072979486069e-03 -5.945004519298441314e-03 9.999415234243942407e-01 3.935291102507422920e+02
9.999384973843671309e-01 7.296540732569065102e-03 8.352361463659457169e-03 -1.906126607639510251e+00 -7.343264691809045334e-03 9.999574849137788934e-01 5.577170301884601736e-03 -5.969707900445201609e+00 -8.311312312010814274e-03 -5.638160892351965457e-03 9.999495653428751574e-01 3.935291102507422920e+02
9.999545815432947515e-01 6.437553590440221393e-03 7.027997889304476650e-03 -1.906126607639510251e+00 -6.475114608129804890e-03 9.999648053766435618e-01 5.334875712142140604e-03 -5.969707900445201609e+00 -6.993406993269873223e-03 -5.380140502118965599e-03 9.999610724157239616e-01 3.935291102507422920e+02
9.999621712959013697e-01 4.855648429246222503e-03 7.216554268053041593e-03 -1.906126607639510251e+00 -4.878943112399486588e-03 9.999829333662538788e-01 3.213859102540690682e-03 -5.969707900445201609e+00 -7.200825735860759587e-03 -3.248946684156463205e-03 9.999687957402302318e-01 3.935291102507422920e+02
9.999857304208094044e-01 -1.307660807245223777e-03 5.179669676687663829e-03 -1.906126607639510251e+00 1.290354778540782473e-03 9.999935793826724151e-01 3.343079116462024155e-03 -5.969707900445201609e+00 -5.184008033546313662e-03 -3.336347800610667963e-03 9.999809972414788195e-01 3.935291102507422920e+02
9.999492819694955070e-01 -8.287911096929773472e-03 5.722238925956798367e-03 -1.906126607639510251e+00 8.255406567267498455e-03 9.999497869559715868e-01 5.680829967386240645e-03 -5.969707900445201609e+00 -5.769033808647534151e-03 -5.633302438069273319e-03 9.999674915478786730e-01 3.935291102507422920e+02
9.998818236833592055e-01 -1.480297347263622755e-02 4.148571319646286205e-03 -1.906126607639510251e+00 1.477177774817312397e-02 9.998631217004229077e-01 7.452009503873322296e-03 -5.969707900445201609e+00 -4.258315369261443835e-03 -7.389847079331788270e-03 9.999636277937117290e-01 3.935291102507422920e+02
9.998202196374150752e-01 -1.871183223912413832e-02 3.065246879516213534e-03 -1.906126607639510251e+00 1.869700834789541147e-02 9.998136955544434379e-01 4.795420795643014905e-03 -5.969707900445201609e+00 -3.154406919839336000e-03 -4.737247726658355869e-03 9.999838039693247360e-01 3.935291102507422920e+02
9.998053300098211915e-01 -1.953899571293939152e-02 2.744035435014252188e-03 -1.906126607639510251e+00 1.953111841939187895e-02 9.998051338817727229e-01 2.868741351191677908e-03 -5.969707900445201609e+00 -2.799553040442653764e-03 -2.814588812312136205e-03 9.999921202652506391e-01 3.935291102507422920e+02
9.998560204954258790e-01 -1.657616024094165849e-02 3.628937957763909896e-03 -1.906126607639510251e+00 1.657299526598253817e-02 9.998622529838216977e-01 9.004921061054656922e-04 -5.969707900445201609e+00 -3.643364783834319998e-03 -8.402200821029442643e-04 9.999930099372023040e-01 3.935291102507422920e+02
9.998420762712780796e-01 -1.727381457875722809e-02 4.175864871219940426e-03 -1.906126607639510251e+00 1.727244210801961652e-02 9.998507538005234618e-01 3.645108405827811337e-04 -5.969707900445201609e+00 -4.181538131930028802e-03 -2.923258914319672684e-04 9.999912146036208371e-01 3.935291102507422920e+02
9.997905785750246244e-01 -2.003228536773834362e-02 4.184081207075742923e-03 -1.906126607639510251e+00 2.001782159434227146e-02 9.997935995849757118e-01 3.470597576358197458e-03 -5.969707900445201609e+00 -4.252741612023739834e-03 -3.386114567728127061e-03 9.999852240992944674e-01 3.935291102507422920e+02
9.996627201620434944e-01 -2.554522154087159394e-02 4.678415825492358501e-03 -1.906126607639510251e+00 2.551508182160616006e-02 9.996539984374946952e-01 6.392496192322038619e-03 -5.969707900445201609e+00 -4.840094817738153747e-03 -6.270969969658613322e-03 9.999686237166621749e-01 3.935291102507422920e+02
9.996181065820269884e-01 -2.720545513699344081e-02 4.848113461627464801e-03 -1.906126607639510251e+00 2.717171757583324368e-02 9.996070082590697847e-01 6.893968620045667038e-03 -5.969707900445201609e+00 -5.033761747085859634e-03 -6.759604289050416201e-03 9.999644838655668000e-01 3.935291102507422920e+02
9.995903917227038082e-01 -2.823572964061463186e-02 4.668227425696181918e-03 -1.906126607639510251e+00 2.820495265718026348e-02 9.995808173098208460e-01 6.532251666867445149e-03 -5.969707900445201609e+00 -4.850713477575075393e-03 -6.397908868979992024e-03 9.999677681509855365e-01 3.935291102507422920e+02
9.995940018016098438e-01 -2.770441683963945426e-02 6.655587863071910949e-03 -1.906126607639510251e+00 2.765076387687849871e-02 9.995854516326281303e-01 8.022477262198084505e-03 -5.969707900445201609e+00 -6.875086854147251930e-03 -7.835188062418757537e-03 9.999456700285144217e-01 3.935291102507422920e+02
9.996893013144835249e-01 -2.380722912412366193e-02 7.383541072907372389e-03 -1.906126607639510251e+00 2.375406311369637757e-02 9.996918571163923017e-01 7.206615070304574211e-03 -5.969707900445201609e+00 -7.552835423457449592e-03 -7.028986883826154712e-03 9.999467725936482809e-01 3.935291102507422920e+02
9.997609401333416024e-01 -2.023345612192824217e-02 8.286726557731410869e-03 -1.906126607639510251e+00 2.019186264084900373e-02 9.997832553380533449e-01 5.072576144323824240e-03 -5.969707900445201609e+00 -8.387566200825770021e-03 -4.904039050550488069e-03 9.999527984531155766e-01 3.935291102507422920e+02
9.997717724774003445e-01 -1.949733856382051753e-02 8.732510882243464667e-03 -1.906126607639510251e+00 1.945383580489376193e-02 9.997980567266661067e-01 5.039249751759597266e-03 -5.969707900445201609e+00 -8.828999368928615657e-03 -4.868218823404689595e-03 9.999491733161395279e-01 3.935291102507422920e+02
9.998037439102841484e-01 -1.760348997005476909e-02 9.087948274317842953e-03 -1.906126607639510251e+00 1.754666780774925480e-02 9.998262298556142014e-01 6.294802741541737252e-03 -5.969707900445201609e+00 -9.197179557157653118e-03 -6.134104138746007337e-03 9.999388904601161920e-01 3.935291102507422920e+02
9.998527579866379744e-01 -1.472221359609698216e-02 8.815825164256021335e-03 -1.906126607639510251e+00 1.467057119224162917e-02 9.998750084688630135e-01 5.894215833114407714e-03 -5.969707900445201609e+00 -8.901499165246509401e-03 -5.764014766216648752e-03 9.999437681421821100e-01 3.935291102507422920e+02
9.998902876333463086e-01 -1.227344013681228203e-02 8.293091323124779368e-03 -1.906126607639510251e+00 1.226015178824131635e-02 9.999234780414113510e-01 1.651284257819744545e-03 -5.969707900445201609e+00 -8.312723658020682374e-03 -1.549428533099793956e-03 9.999642483092114897e-01 3.935291102507422920e+02
9.999357117059338718e-01 -8.128602719662519210e-03 7.905584921702417736e-03 -1.906126607639510251e+00 8.138026688059902050e-03 9.999662121623198452e-01 -1.160627145848379827e-03 -5.969707900445201609e+00 -7.895883532107572655e-03 1.224888392187484893e-03 9.999680768262927399e-01 3.935291102507422920e+02
9.999501630020513065e-01 -6.288961427395351779e-03 7.753739505292016505e-03 -1.906126607639510251e+00 6.307812474673623639e-03 9.999772034488142447e-01 -2.409166760033686506e-03 -5.969707900445201609e+00 -7.738411589946025786e-03 2.457955829172484962e-03 9.999670371763292875e-01 3.935291102507422920e+02
9.999698915637919017e-01 -3.377094625530496297e-04 7.752542692374761110e-03 -1.906126607639510251e+00 3.485152178398393539e-04 9.999989697050195581e-01 -1.392525061448127112e-03 -5.969707900445201609e+00 -7.752064436078371680e-03 1.395185013802206515e-03 9.999689789967267650e-01 3.935291102507422920e+02
9.999627749354101924e-01 2.793769100511938816e-03 8.163553005068746246e-03 -1.906126607639510251e+00 -2.797642095075992576e-03 9.999959793863679725e-01 4.630440703844627645e-04 -5.969707900445201609e+00 -8.162226544359746372e-03 -4.858655330706166580e-04 9.999665704374935959e-01 3.935291102507422920e+02
9.999581482985141490e-01 3.993804165004001018e-03 8.231110476544763535e-03 -1.906126607639510251e+00 -4.012631471875149208e-03 9.999893681388031252e-01 2.272091114683451492e-03 -5.969707900445201609e+00 -8.221948677563086991e-03 -2.305024436750269766e-03 9.999635425465721594e-01 3.935291102507422920e+02
9.999737397669673511e-01 1.348066033403876648e-03 7.120568405229861682e-03 -1.906126607639510251e+00 -1.368755494376380473e-03 9.999948538387926078e-01 2.901517591442802010e-03 -5.969707900445201609e+00 -7.116620324326121232e-03 -2.911187714041699008e-03 9.999704389136979676e-01 3.935291102507422920e+02
9.999900223095065099e-01 -3.999194372130672817e-04 4.449196090818989362e-03 -1.906126607639510251e+00 3.872310296676520491e-04 9.999958570993365825e-01 2.852338741767839261e-03 -5.969707900445201609e+00 -4.450318363945449281e-03 -2.850587415230535198e-03 9.999860343114038708e-01 3.935291102507422920e+02
9.999966709085956751e-01 -2.797144526786857948e-04 2.565137721211272447e-03 -1.906126607639510251e+00 2.837436605904501631e-04 9.999987264655180175e-01 -1.570527580878808976e-03 -5.969707900445201609e+00 -2.564695155156906502e-03 1.571250194016650566e-03 9.999954767455649929e-01 3.935291102507422920e+02
9.999985411966186843e-01 1.249838213464954557e-03 1.164263308880354253e-03 -1.906126607639510251e+00 -1.243026805643169521e-03 9.999822161095960338e-01 -5.832867983005062158e-03 -5.969707900445201609e+00 -1.171532745048264705e-03 5.831412263496577215e-03 9.999823109145689060e-01 3.935291102507422920e+02
9.999890657009533612e-01 4.676374377726741013e-03 -1.090628650033866434e-06 -1.906126607639510251e+00 -4.676289731839501466e-03 9.999695064711175974e-01 -6.254473779672650204e-03 -5.969707900445201609e+00 -2.815766553628567384e-05 6.254410491482343716e-03 9.999804405869902046e-01 3.935291102507422920e+02
9.999722981810396094e-01 7.387147511816859885e-03 9.126456841050359804e-04 -1.906126607639510251e+00 -7.383061120434427846e-03 9.999630532210266320e-01 -4.402567589706216609e-03 -5.969707900445201609e+00 -9.451343810023066705e-04 4.395707511709640372e-03 9.999898921871533952e-01 3.935291102507422920e+02
9.999310249146234897e-01 1.163323689954555255e-02 1.616543350929639531e-03 -1.906126607639510251e+00 -1.163134462710920664e-02 9.999316631702432900e-01 -1.175079471522066715e-03 -5.969707900445201609e+00 -1.630102859349624256e-03 1.156195847496589236e-03 9.999980029859215636e-01 3.935291102507422920e+02
9.999180216604034444e-01 1.270963607051486810e-02 1.554062314051298140e-03 -1.906126607639510251e+00 -1.271004201533165907e-02 9.999191924951568167e-01 2.516183811181197045e-04 -5.969707900445201609e+00 -1.550738756100393089e-03 -2.713499511663623005e-04 9.999987607884899266e-01 3.935291102507422920e+02
9.999259353577644172e-01 1.207198917713881575e-02 1.546245835062216335e-03 -1.906126607639510251e+00 -1.207375660413957316e-02 9.999264610008520293e-01 1.138855470717502552e-03 -5.969707900445201609e+00 -1.532383874773959442e-03 -1.157440117656527781e-03 9.999981560643175227e-01 3.935291102507422920e+02
9.999505855043981928e-01 9.839221281158499685e-03 1.419955621509163017e-03 -1.906126607639510251e+00 -9.841629659850950965e-03 9.999501262915205801e-01 1.699192519340791269e-03 -5.969707900445201609e+00 -1.403166071859071173e-03 -1.713083231959160006e-03 9.999975482324025000e-01 3.935291102507422920e+02
9.999713380381730632e-01 7.372679038917326864e-03 1.722412816481206418e-03 -1.906126607639510251e+00 -7.376936444170193417e-03 9.999697181394534562e-01 2.478631236824753187e-03 -5.969707900445201609e+00 -1.704086506051249355e-03 -2.491266324267997229e-03 9.999954448302665888e-01 3.935291102507422920e+02
9.999893929599870113e-01 4.278316489756455766e-03 1.705865031672871993e-03 -1.906126607639510251e+00 -4.282664674446313297e-03 9.999875691104992415e-01 2.553508912939351626e-03 -5.969707900445201609e+00 -1.694919106963892197e-03 -2.560787475677988017e-03 9.999952847972467529e-01 3.935291102507422920e+02
9.999987602431213984e-01 1.294566637659610477e-04 1.569316146845949316e-03 -1.906126607639510251e+00 -1.352785399577712726e-04 9.999931077410462166e-01 3.710278982538184073e-03 -5.969707900445201609e+00 -1.568825010373663554e-03 -3.710486677490723063e-03 9.999918855054298339e-01 3.935291102507422920e+02
9.999880767714968144e-01 -4.059603473973897626e-03 2.714025507152125968e-03 -1.906126607639510251e+00 4.043617303101071370e-03 9.999745959716256349e-01 5.869971933277726671e-03 -5.969707900445201609e+00 -2.737786318423232092e-03 -5.858927463758653760e-03 9.999790885288805109e-01 3.935291102507422920e+02
9.999697224408661267e-01 -7.056888589288333284e-03 3.279409238194334105e-03 -1.906126607639510251e+00 7.036298007554074412e-03 9.999557228257317520e-01 6.248431677183086987e-03 -5.969707900445201609e+00 -3.323358521423300151e-03 -6.225167589234201562e-03 9.999751009783323097e-01 3.935291102507422920e+02
9.999803671910572067e-01 -5.331332041748146865e-03 3.292739144686487006e-03 -1.906126607639510251e+00 5.325279551717675489e-03 9.999841200865803303e-01 1.844172543782243668e-03 -5.969707900445201609e+00 -3.302518752446814872e-03 -1.826601581057990097e-03 9.999928784229193957e-01 3.935291102507422920e+02
9.999919922264263183e-01 1.664946753879083989e-03 3.639153102878966203e-03 -1.906126607639510251e+00 -1.653315809096768136e-03 9.999935237009311972e-01 -3.196733182066183523e-03 -5.969707900445201609e+00 -3.644451925169317399e-03 3.190690913994764354e-03 9.999882686620170658e-01 3.935291102507422920e+02
9.999374048853741925e-01 1.025667809942644275e-02 4.470667225873014954e-03 -1.906126607639510251e+00 -1.024095963712305483e-02 9.999413477727534527e-01 -3.524735469067979531e-03 -5.969707900445201609e+00 -4.506557088374480921e-03 3.478730915236902515e-03 9.999837945559069130e-01 3.935291102507422920e+02
9.998654539428358801e-01 1.599453868727938877e-02 3.639882394371983087e-03 -1.906126607639510251e+00 -1.599876422402674025e-02 9.998713676621129309e-01 1.134756716561039023e-03 -5.969707900445201609e+00 -3.621264277585966706e-03 -1.192837659748998899e-03 9.999927317652618219e-01 3.935291102507422920e+02
9.998387814516783711e-01 1.738059384561454687e-02 4.508443497860648540e-03 -1.906126607639510251e+00 -1.739526055453775866e-02 9.998434588574776072e-01 3.234608192892448469e-03 -5.969707900445201609e+00 -4.451518329713777776e-03 -3.312512263395173823e-03 9.999846055050380933e-01 3.935291102507422920e+02
9.998832602039412487e-01 1.466066362032619579e-02 4.304753898383402097e-03 -1.906126607639510251e+00 -1.467919372228162524e-02 9.998829873032346605e-01 4.304993987139483017e-03 -5.969707900445201609e+00 -4.241136118787497584e-03 -4.367681739419814434e-03 9.999814678886038699e-01 3.935291102507422920e+02
9.999419304955743382e-01 1.034753271584854147e-02 3.010681559937188490e-03 -1.906126607639510251e+00 -1.036132708076683076e-02 9.999357261984417322e-01 4.602865751534838956e-03 -5.969707900445201609e+00 -2.962859748037050250e-03 -4.633793121779546283e-03 9.999848745973211050e-01 3.935291102507422920e+02
9.999606361188339010e-01 8.625963823988936491e-03 2.078210985734559122e-03 -1.906126607639510251e+00 -8.634096121851404793e-03 9.999549773277744968e-01 3.936457998615300671e-03 -5.969707900445201609e+00 -2.044161674831515389e-03 -3.954246517762056989e-03 9.999900926196850781e-01 3.935291102507422920e+02
9.999576184635597942e-01 9.081816389002666384e-03 1.510591850626141286e-03 -1.906126607639510251e+00 -9.086993712960324265e-03 9.999527383122498447e-01 3.456542651228995157e-03 -5.969707900445201609e+00 -1.479128771806249897e-03 -3.470122896289388591e-03 9.999928851872714741e-01 3.935291102507422920e+02
9.999502531553207119e-01 9.835702497796418656e-03 1.658363941328599859e-03 -1.906126607639510251e+00 -9.842389568726867682e-03 9.999432650649171528e-01 4.073575689279663146e-03 -5.969707900445201609e+00 -1.618203375575700664e-03 -4.089695305699079728e-03 9.999903278582968902e-01 3.935291102507422920e+02
9.999380678945793965e-01 1.110646277509482263e-02 7.119409083989300694e-04 -1.906126607639510251e+00 -1.110979893964397607e-02 9.999264389651117968e-01 4.867137359689147069e-03 -5.969707900445201609e+00 -6.578318573819073303e-04 -4.874745447973572940e-03 9.999879019838526784e-01 3.935291102507422920e+02
9.999444752220350008e-01 1.052901483661446147e-02 4.316473973648456272e-04 -1.906126607639510251e+00 -1.053069719077605500e-02 9.999361429143995839e-01 4.100549982145717393e-03 -5.969707900445201609e+00 -3.884450820194002355e-04 -4.104867848052516123e-03 9.999914995490565284e-01 3.935291102507422920e+02
9.999471818534519940e-01 1.027777135421880511e-02 3.032005967309565222e-05 -1.906126607639510251e+00 -1.027781524897156303e-02 9.999415658152785991e-01 3.351338330227221583e-03 -5.969707900445201609e+00 4.126001143904331746e-06 -3.351472942719087127e-03 9.999943837902753874e-01 3.935291102507422920e+02
9.999537363307342552e-01 9.618451780355528544e-03 -1.028762827815004412e-04 -1.906126607639510251e+00 -9.618083051024522642e-03 9.999488540875957066e-01 3.127568917689105103e-03 -5.969707900445201609e+00 1.329533919050079839e-04 -3.126434752242567266e-03 9.999951038525827229e-01 3.935291102507422920e+02
9.999490743672844184e-01 1.005031419020010336e-02 -9.164369400998131736e-04 -1.906126607639510251e+00 -1.004751991956045511e-02 9.999450091833660403e-01 3.004322344750566445e-03 -5.969707900445201609e+00 9.465809279777703984e-04 -2.994961429322861961e-03 9.999950670831259103e-01 3.935291102507422920e+02
9.999430534035124163e-01 1.058504301740261812e-02 -1.358975480304011087e-03 -1.906126607639510251e+00 -1.058121529421089321e-02 9.999401151108324726e-01 2.793577462565399391e-03 -5.969707900445201609e+00 1.388464235821996757e-03 -2.779038765699502235e-03 9.999951745436607142e-01 3.935291102507422920e+02
9.999319576182478242e-01 1.164838331280749172e-02 -6.287288070506642009e-04 -1.906126607639510251e+00 -1.164723167778263999e-02 9.999305390631489932e-01 1.805282008798415189e-03 -5.969707900445201609e+00 6.497137517852139476e-04 -1.797836223031832291e-03 9.999981728268094727e-01 3.935291102507422920e+02
9.999196658500536516e-01 1.264699817503385157e-02 -8.457443193827422030e-04 -1.906126607639510251e+00 -1.264574237905789766e-02 9.999189528883735134e-01 1.474060483241641925e-03 -5.969707900445201609e+00 8.643182144902281918e-04 -1.463247001063546372e-03 9.999985559300771376e-01 3.935291102507422920e+02
9.999171253015515237e-01 1.282306327001721605e-02 -1.145241035835827762e-03 -1.906126607639510251e+00 -1.282188945878684483e-02 9.999172693281299651e-01 1.026474592862670942e-03 -5.969707900445201609e+00 1.158308837925107592e-03 -1.011705370124426663e-03 9.999988173857414786e-01 3.935291102507422920e+02
9.999226520048488664e-01 1.233341219777504306e-02 -1.605288486633535405e-03 -1.906126607639510251e+00 -1.233209783716592879e-02 9.999236155364850109e-01 8.261085795193635808e-04 -5.969707900445201609e+00 1.615354605165306590e-03 -8.062481070021837752e-04 9.999983702954176046e-01 3.935291102507422920e+02
9.999310277376687317e-01 1.161873184505811743e-02 -1.716052964640821460e-03 -1.906126607639510251e+00 -1.161777390532494139e-02 9.999323505523591837e-01 5.671404809183783029e-04 -5.969707900445201609e+00 1.722526327772188996e-03 -5.471646486028496461e-04 9.999983667556157085e-01 3.935291102507422920e+02
9.999279934663740654e-01 1.199296615457336179e-02 -4.202916856265871801e-04 -1.906126607639510251e+00 -1.199306787036381883e-02 9.999280516931738916e-01 -2.403334278620941882e-04 -5.969707900445201609e+00 4.173791356855595250e-04 2.453567089968722390e-04 9.999998827973649584e-01 3.935291102507422920e+02
9.999483108612313709e-01 1.014198742858345333e-02 -7.181202848747361483e-04 -1.906126607639510251e+00 -1.014197414692181651e-02 9.999485686126468043e-01 2.213431195595205598e-05 -5.969707900445201609e+00 7.183078368661104324e-04 -1.485001048812182541e-05 9.999997419066315452e-01 3.935291102507422920e+02
9.999714633302156930e-01 7.540055959782498637e-03 -4.691282610982639117e-04 -1.906126607639510251e+00 -7.539597303506455524e-03 9.999711045402456255e-01 9.718832581416964869e-04 -5.969707900445201609e+00 4.764427595745700066e-04 -9.683184856570054098e-04 9.999994176806344948e-01 3.935291102507422920e+02
9.999720151030649928e-01 7.480482333663617672e-03 -1.067461738696275553e-04 -1.906126607639510251e+00 -7.480372441272133306e-03 9.999715263990974767e-01 9.951980729233783629e-04 -5.969707900445201609e+00 1.141876960250319312e-04 -9.943717212699204958e-04 9.999994990929000904e-01 3.935291102507422920e+02
9.999738142364290594e-01 7.235500939973998555e-03 -1.355270052631487546e-04 -1.906126607639510251e+00 -7.235402663524959088e-03 9.999735705708402422e-01 7.121152345849641194e-04 -5.969707900445201609e+00 1.406759338113135573e-04 -7.111159948482070805e-04 9.999997372621276526e-01 3.935291102507422920e+02
9.999840244373776610e-01 5.503951713237511568e-03 -1.287394864967395750e-03 -1.906126607639510251e+00 -5.502726527429353115e-03 9.999844054957143236e-01 9.532922706136299270e-04 -5.969707900445201609e+00 1.292621663309040814e-03 -9.461928593578083262e-04 9.999987169233313100e-01 3.935291102507422920e+02
9.999775180578744926e-01 6.668733494206510390e-03 -7.009795791900268972e-04 -1.906126607639510251e+00 -6.667536957714465841e-03 9.999763340858333072e-01 1.695647127560450480e-03 -5.969707900445201609e+00 7.122708086617343453e-04 -1.690935198868300697e-03 9.999983167028076991e-01 3.935291102507422920e+02
9.999853880245327398e-01 5.344576400357363768e-03 -8.119362654324548513e-04 -1.906126607639510251e+00 -5.341252020179839029e-03 9.999775630729622611e-01 4.042818017561271987e-03 -5.969707900445201609e+00 8.335251978456727868e-04 -4.038422187784900322e-03 9.999914981548483350e-01 3.935291102507422920e+02
9.999882595605846802e-01 4.840351687151579242e-03 -2.274566140551059833e-04 -1.906126607639510251e+00 -4.839229252017810713e-03 9.999772444542489591e-01 4.700258922685495409e-03 -5.969707900445201609e+00 2.502023443625801054e-04 -4.699103024879403706e-03 9.999889278534781489e-01 3.935291102507422920e+02
9.999787945021427760e-01 6.433895814040118538e-03 1.007735416028265928e-03 -1.906126607639510251e+00 -6.437544255549982990e-03 9.999725807223226459e-01 3.660031079442566896e-03 -5.969707900445201609e+00 -9.841595260093826108e-04 -3.666440807999191403e-03 9.999927942949533577e-01 3.935291102507422920e+02
9.999789849916920215e-01 6.377077663800415769e-03 1.167242660645160081e-03 -1.906126607639510251e+00 -6.379759977199968117e-03 9.999769836094359876e-01 2.308877219349994743e-03 -5.969707900445201609e+00 -1.152491905587838070e-03 -2.316275426285365098e-03 9.999966533096784627e-01 3.935291102507422920e+02
9.999758615828213681e-01 6.857269241416987134e-03 1.119870626246916110e-03 -1.906126607639510251e+00 -6.860200425940352759e-03 9.999729970897260900e-01 2.634908254970669619e-03 -5.969707900445201609e+00 -1.101772111149708355e-03 -2.642527189402431656e-03 9.999959015657357009e-01 3.935291102507422920e+02
9.999805800884035145e-01 6.218830322504633086e-03 4.069342142830359942e-04 -1.906126607639510251e+00 -6.220075797968102442e-03 9.999757424877550038e-01 3.134500460312127524e-03 -5.969707900445201609e+00 -3.874314165624596950e-04 -3.136970750247207017e-03 9.999950046432281026e-01 3.935291102507422920e+02
9.999811678954387828e-01 6.114181703343435359e-03 5.297514015042968953e-04 -1.906126607639510251e+00 -6.116158392829609998e-03 9.999740236647853830e-01 3.813738609021310056e-03 -5.969707900445201609e+00 -5.064197496792812499e-04 -3.816906831776771276e-03 9.999925873531637643e-01 3.935291102507422920e+02
9.999811402902399893e-01 6.135862797741749135e-03 2.650500576173828345e-04 -1.906126607639510251e+00 -6.136955649755100779e-03 9.999717483685001129e-01 4.340534552676451538e-03 -5.969707900445201609e+00 -2.384096450363325345e-04 -4.342079291902471369e-03 9.999905447094309396e-01 3.935291102507422920e+02
9.999730120646163067e-01 6.848161626311934785e-03 -2.660418149743676124e-03 -1.906126607639510251e+00 -6.836567780449694445e-03 9.999672000664104887e-01 4.342825385954421878e-03 -5.969707900445201609e+00 2.690071258363300848e-03 -4.324520053057807380e-03 9.999870309373698474e-01 3.935291102507422920e+02
9.999680989617816262e-01 7.677041549555522516e-03 -2.205468607436356782e-03 -1.906126607639510251e+00 -7.666972529507310591e-03 9.999603102522154341e-01 4.538221296113940928e-03 -5.969707900445201609e+00 2.240221186395301677e-03 -4.521167254914346990e-03 9.999872701468203173e-01 3.935291102507422920e+02
9.999678443033619413e-01 7.718012205858263385e-03 -2.177761889860401357e-03 -1.906126607639510251e+00 -7.707590621206446800e-03 9.999589956957166681e-01 4.753942998920932667e-03 -5.969707900445201609e+00 2.214363582341223862e-03 -4.737004835453755176e-03 9.999863285961038128e-01 3.935291102507422920e+02
9.999782515875744737e-01 6.353788611887692395e-03 -1.767971182995685788e-03 -1.906126607639510251e+00 -6.344456614301824740e-03 9.999661716037047121e-01 5.234837008602063503e-03 -5.969707900445201609e+00 1.801172423136615562e-03 -5.223506342741218375e-03 9.999847352631890951e-01 3.935291102507422920e+02
9.999873304190043388e-01 4.940841642761020260e-03 -9.628526915653471329e-04 -1.906126607639510251e+00 -4.935963451608896789e-03 9.999752949647511269e-01 5.004570408156926511e-03 -5.969707900445201609e+00 9.875556941328429879e-04 -4.999754396651184471e-03 9.999870135105380919e-01 3.935291102507422920e+02
9.999972848077387511e-01 2.068560683916686408e-03 -1.073048842781962981e-03 -1.906126607639510251e+00 -2.062240611504473700e-03 9.999807160688817254e-01 5.857871117812020294e-03 -5.969707900445201609e+00 1.085145512068175873e-03 -5.855642327663233664e-03 9.999822667988412794e-01 3.935291102507422920e+02
9.999996011517201522e-01 6.179050712974632409e-04 -6.448951044003915821e-04 -1.906126607639510251e+00 -6.143541954613164100e-04 9.999847307996769796e-01 5.491879134308950972e-03 -5.969707900445201609e+00 6.482787173363352591e-04 -5.491480749868619428e-03 9.999847115700715161e-01 3.935291102507422920e+02
9.999995746183774070e-01 -4.149229662229627193e-04 -8.237730081073917944e-04 -1.906126607639510251e+00 4.188807879051977380e-04 9.999883433810931033e-01 4.810160166524584009e-03 -5.969707900445201609e+00 8.217675597755115828e-04 -4.810503183056779632e-03 9.999880918076996528e-01 3.935291102507422920e+02
9.999979588069590752e-01 -2.012008031955377606e-03 -1.849474714986052717e-04 -1.906126607639510251e+00 2.013181845017657148e-03 9.999763103673912079e-01 6.582233882415007217e-03 -5.969707900445201609e+00 1.716995827218095912e-04 -6.582592779696186912e-03 9.999783197607591267e-01 3.935291102507422920e+02
9.999923722285926075e-01 -3.905558094455256497e-03 -4.583203688766770230e-05 -1.906126607639510251e+00 3.905804766364180582e-03 9.999574290201107551e-01 8.359715104096601332e-03 -5.969707900445201609e+00 1.318073278132302965e-05 -8.359830349088187562e-03 9.999650559208573819e-01 3.935291102507422920e+02
9.999909849043067123e-01 -4.241748769046285901e-03 -1.941068458246949125e-04 -1.906126607639510251e+00 4.243090748649542242e-03 9.999626216061260342e-01 7.533363890510700288e-03 -5.969707900445201609e+00 1.621449534137109610e-04 -7.534119589475395291e-03 9.999716049723741396e-01 3.935291102507422920e+02
9.999907316871116114e-01 -4.249853176885138098e-03 -6.894112148900595396e-04 -1.906126607639510251e+00 4.253907864894440269e-03 9.999730082504197926e-01 5.990579144548587726e-03 -5.969707900445201609e+00 6.639335246668169512e-04 -5.993456313775136386e-03 9.999818186715645485e-01 3.935291102507422920e+02
9.999965709522876667e-01 -2.618701197002226786e-03 -2.208349089963852023e-05 -1.906126607639510251e+00 2.618786030875815476e-03 9.999790584781930169e-01 5.918155523052830679e-03 -5.969707900445201609e+00 6.585147485910363957e-06 -5.918193061351911810e-03 9.999824873204152809e-01 3.935291102507422920e+02
9.999991322759728130e-01 -8.193085893629100747e-04 1.031591348430023437e-03 -1.906126607639510251e+00 8.131918534007650948e-04 9.999821700229279964e-01 5.915940774665182436e-03 -5.969707900445201609e+00 -1.036419936270319966e-03 -5.915096759579898007e-03 9.999819685694539828e-01 3.935291102507422920e+02
9.999978955491397592e-01 2.960118782350979220e-04 2.030092173387381110e-03 -1.906126607639510251e+00 -3.068764194381330777e-04 9.999856226897513301e-01 5.353526002282743383e-03 -5.969707900445201609e+00 -2.028478278835085455e-03 -5.354137723467068503e-03 9.999836091082243694e-01 3.935291102507422920e+02
9.999961818120187695e-01 2.008448952068004023e-05 2.763323717895218353e-03 -1.906126607639510251e+00 -3.459959782617219105e-05 9.999862032260071754e-01 5.252824050567204625e-03 -5.969707900445201609e+00 -2.763180092652637795e-03 -5.252899604186267966e-03 9.999823857856314779e-01 3.935291102507422920e+02
9.999930394080576157e-01 5.473890455298217883e-04 3.690731721484058741e-03 -1.906126607639510251e+00 -5.649693481748394551e-04 9.999884924605454417e-01 4.764006310363035068e-03 -5.969707900445201609e+00 -3.688081485375796151e-03 -4.766058300353440136e-03 9.999818412067463802e-01 3.935291102507422920e+02
9.999766101814483443e-01 3.289026941380934158e-03 5.996781784451054968e-03 -1.906126607639510251e+00 -3.309206500074663403e-03 9.999888855816004840e-01 3.358253357465534016e-03 -5.969707900445201609e+00 -5.985669747940317205e-03 -3.378019397788768405e-03 9.999763800923582302e-01 3.935291102507422920e+02
9.999575802158253701e-01 4.612034490366206940e-03 7.972885722419501692e-03 -1.906126607639510251e+00 -4.634010910878971247e-03 9.999855087316691371e-01 2.740122177337607923e-03 -5.969707900445201609e+00 -7.960132647203157358e-03 -2.776952381374380059e-03 9.999644617803726820e-01 3.935291102507422920e+02
9.999615214471113678e-01 -4.165668260210068528e-04 8.762539428136489547e-03 -1.906126607639510251e+00 3.914635118078384495e-04 9.999958153460234422e-01 2.866364729827671539e-03 -5.969707900445201609e+00 -8.763696792398491947e-03 -2.862824221803163000e-03 9.999575000248791534e-01 3.935291102507422920e+02
9.999558323042105901e-01 -1.755084550871216335e-03 9.233261557233940833e-03 -1.906126607639510251e+00 1.717587757831290796e-03 9.999902529479912650e-01 4.067419490323341026e-03 -5.969707900445201609e+00 -9.240310225262471713e-03 -4.051380904760363243e-03 9.999491001944575963e-01 3.935291102507422920e+02
9.999357366316293794e-01 -3.702799071431175752e-03 1.071503084311784849e-02 -1.906126607639510251e+00 3.655484289096290820e-03 9.999834974454633318e-01 4.431960215884640439e-03 -5.969707900445201609e+00 -1.073126467590871345e-02 -4.392506776287740701e-03 9.999327706614457023e-01 3.935291102507422920e+02
9.999324457704310554e-01 -4.772218886644112243e-03 1.059857643423575344e-02 -1.906126607639510251e+00 4.750607049558600720e-03 9.999865870350406194e-01 2.063366830343228708e-03 -5.969707900445201609e+00 -1.060828111405896085e-02 -2.012877769261999742e-03 9.999417046482712568e-01 3.935291102507422920e+02
9.999367405519934415e-01 -6.301377590244977393e-03 9.317056117190589473e-03 -1.906126607639510251e+00 6.303248293791266499e-03 9.999801196384758839e-01 -1.714315336924571360e-04 -5.969707900445201609e+00 -9.315790635921724142e-03 2.301484071030357502e-04 9.999565805956467379e-01 3.935291102507422920e+02
9.999419526265282965e-01 -6.087539220124804119e-03 8.890064322591335194e-03 -1.906126607639510251e+00 6.083278817715740729e-03 9.999813685694415311e-01 5.061944461294497471e-04 -5.969707900445201609e+00 -8.892980166518838631e-03 -4.520843228887064984e-04 9.999603544758776108e-01 3.935291102507422920e+02
9.999419786672910648e-01 -7.146893732058885382e-03 8.059851667104720244e-03 -1.906126607639510251e+00 7.143569438352878956e-03 9.999743870667856527e-01 4.411644707681999962e-04 -5.969707900445201609e+00 -8.062798186253005567e-03 -3.835627637699431220e-04 9.999674215518292719e-01 3.935291102507422920e+02
9.999422430968836206e-01 -7.386920410676132802e-03 7.806655954348325210e-03 -1.906126607639510251e+00 7.387871357747517222e-03 9.999727049831371728e-01 -9.298125094654244587e-05 -5.969707900445201609e+00 -7.805756026441809312e-03 1.506504505632951180e-04 9.999695232742331630e-01 3.935291102507422920e+02
9.999519725138895643e-01 -6.307624695270854301e-03 7.501102336033765861e-03 -1.906126607639510251e+00 6.311250717423915434e-03 9.999799781369528295e-01 -4.598256239738563855e-04 -5.969707900445201609e+00 -7.498051742528625760e-03 5.071448772057726012e-04 9.999717606133384784e-01 3.935291102507422920e+02
9.999562811966896669e-01 -6.044662430596141334e-03 7.134265999913412364e-03 -1.906126607639510251e+00 6.046172774366584575e-03 9.999817036507857582e-01 -1.901537739861305107e-04 -5.969707900445201609e+00 -7.132986053517459575e-03 2.332804655453668942e-04 9.999745327208010570e-01 3.935291102507422920e+02
9.999612040067307195e-01 -6.719757424413486807e-03 5.695203379778393006e-03 -1.906126607639510251e+00 6.722979853967198625e-03 9.999772509848464663e-01 -5.468589172741028124e-04 -5.969707900445201609e+00 -5.691399060240795622e-03 5.851264389266164559e-04 9.999836326679488741e-01 3.935291102507422920e+02
9.999635129305136649e-01 -7.285134687024623357e-03 4.460899038084400157e-03 -1.906126607639510251e+00 7.281284534739752325e-03 9.999731050096702933e-01 8.787222805079797664e-04 -5.969707900445201609e+00 -4.467180672413723942e-03 -8.462091433291835932e-04 9.999896640600470787e-01 3.935291102507422920e+02
9.999798344983209519e-01 -4.897663639892739507e-03 4.042707947665802153e-03 -1.906126607639510251e+00 4.889761870444766026e-03 9.999861200042239329e-01 1.962148758799498426e-03 -5.969707900445201609e+00 -4.052261779528444977e-03 -1.942341311908752288e-03 9.999899031913762615e-01 3.935291102507422920e+02
9.999813439722792241e-01 -4.529652438242110467e-03 4.098042966072994696e-03 -1.906126607639510251e+00 4.521958479290719493e-03 9.999879996511455982e-01 1.884793149239265102e-03 -5.969707900445201609e+00 -4.106531246011667705e-03 -1.866226806346276768e-03 9.999898267475689773e-01 3.935291102507422920e+02
9.999780596730817317e-01 -4.411019904623102519e-03 4.941970844521509539e-03 -1.906126607639510251e+00 4.401839473278702959e-03 9.999885690222635182e-01 1.866985286703731761e-03 -5.969707900445201609e+00 -4.950149662223937187e-03 -1.845190562096160223e-03 9.999860455476924370e-01 3.935291102507422920e+02
9.999612765552281513e-01 -6.488820178001887713e-03 5.944796271077089182e-03 -1.906126607639510251e+00 6.474820071800135336e-03 9.999762266668330568e-01 2.371245707205964486e-03 -5.969707900445201609e+00 -5.960041530446436031e-03 -2.332662398184187115e-03 9.999795180857914412e-01 3.935291102507422920e+02
9.999469293518254975e-01 -7.721884508984646137e-03 6.819895853600264554e-03 -1.906126607639510251e+00 7.713856020273602079e-03 9.999695244604158706e-01 1.202736759006639480e-03 -5.969707900445201609e+00 -6.828975407941770791e-03 -1.150065234298435282e-03 9.999760209349196627e-01 3.935291102507422920e+02
9.999361112710976052e-01 -9.429604878178303798e-03 6.233452321498654525e-03 -1.906126607639510251e+00 9.437534717601227599e-03 9.999546917323406392e-01 -1.243953752323427846e-03 -5.969707900445201609e+00 -6.221439902201150209e-03 1.302702700394985482e-03 9.999797981215509113e-01 3.935291102507422920e+02
9.999324450557404154e-01 -9.830486551434149470e-03 6.202165668400106899e-03 -1.906126607639510251e+00 9.844632209621362665e-03 9.999489992190505605e-01 -2.254368532491586065e-03 -5.969707900445201609e+00 -6.179687813566677249e-03 2.315274278660549908e-03 9.999782252447008135e-01 3.935291102507422920e+02
9.999503682153417783e-01 -8.785750990973152652e-03 4.698051244456663209e-03 -1.906126607639510251e+00 8.798864823009197242e-03 9.999574304718128470e-01 -2.777988847853407172e-03 -5.969707900445201609e+00 -4.673444532358727102e-03 2.819188489141617217e-03 9.999851054353088298e-01 3.935291102507422920e+02
9.999720959254386754e-01 -6.904818652598401600e-03 2.851464505972251245e-03 -1.906126607639510251e+00 6.911022484971207462e-03 9.999737606743280827e-01 -2.171573405808689163e-03 -5.969707900445201609e+00 -2.836395364908418388e-03 2.191219345379236388e-03 9.999935766889275213e-01 3.935291102507422920e+02
9.999774696446021016e-01 -6.399086054918911443e-03 2.027782239044118376e-03 -1.906126607639510251e+00 6.396178305557727317e-03 9.999785114333687996e-01 1.437210697842701123e-03 -5.969707900445201609e+00 -2.036935499844763804e-03 -1.424208260208272188e-03 9.999969112575299857e-01 3.935291102507422920e+02
9.999617437327493752e-01 -8.196060658867260901e-03 3.055431328489176777e-03 -1.906126607639510251e+00 8.182684445447252833e-03 9.999569945583928199e-01 4.364940894843444448e-03 -5.969707900445201609e+00 -3.091075248661902686e-03 -4.339772278091462605e-03 9.999858057144515033e-01 3.935291102507422920e+02
9.999564767135048493e-01 -8.870117895118238491e-03 2.892349772787433226e-03 -1.906126607639510251e+00 8.856021890382750547e-03 9.999490206109225010e-01 4.850469620313056611e-03 -5.969707900445201609e+00 -2.935226559941676340e-03 -4.824643799030876173e-03 9.999840535014813403e-01 3.935291102507422920e+02
9.999433335145287982e-01 -1.009760710670105054e-02 3.371659908401469872e-03 -1.906126607639510251e+00 1.008647324875503772e-02 9.999436749575275618e-01 3.303024347461064152e-03 -5.969707900445201609e+00 -3.404822641638266881e-03 -3.268829019209034108e-03 9.999888609077709489e-01 3.935291102507422920e+02
9.999383713117950823e-01 -1.067802593622835597e-02 3.038641207371696983e-03 -1.906126607639510251e+00 1.067032121664864344e-02 9.999398429993268111e-01 2.540595917955610055e-03 -5.969707900445201609e+00 -3.065586960935777049e-03 -2.508016066616276362e-03 9.999921559852325004e-01 3.935291102507422920e+02
9.999241016099768009e-01 -1.193460208977626009e-02 3.058805715720089042e-03 -1.906126607639510251e+00 1.192331624439927316e-02 9.999221368540865962e-01 3.681678814968173969e-03 -5.969707900445201609e+00 -3.102506919163155845e-03 -3.644928273594331622e-03 9.999885444087326380e-01 3.935291102507422920e+02
9.999135338232525427e-01 -1.256631376724886423e-02 3.874614221522292880e-03 -1.906126607639510251e+00 1.255133446822755128e-02 9.999137537981169777e-01 3.866389585647356155e-03 -5.969707900445201609e+00 -3.922866315441421795e-03 -3.817423694691895932e-03 9.999850190858887711e-01 3.935291102507422920e+02
9.999285086997055094e-01 -1.124067179403005073e-02 4.077350508568577427e-03 -1.906126607639510251e+00 1.122840236865414731e-02 9.999323999753175762e-01 3.019678766288411229e-03 -5.969707900445201609e+00 -4.111018097508666209e-03 -2.973680753418165776e-03 9.999871282936484418e-01 3.935291102507422920e+02
9.999610421424219853e-01 -7.055343109695579387e-03 5.304369049481498510e-03 -1.906126607639510251e+00 7.053445230097443036e-03 9.999750532988291862e-01 3.764178436011278482e-04 -5.969707900445201609e+00 -5.306892480011016731e-03 -3.389891025970578464e-04 9.999858608893391620e-01 3.935291102507422920e+02
9.999414163942663691e-01 -9.521328178608377130e-03 5.148600694415982754e-03 -1.906126607639510251e+00 9.508936013500147999e-03 9.999518460583612933e-01 2.426046242249392266e-03 -5.969707900445201609e+00 -5.171451951447411828e-03 -2.376946401150034638e-03 9.999838029740877321e-01 3.935291102507422920e+02
9.999346658564084445e-01 -1.015195164804877544e-02 5.253750692144378009e-03 -1.906126607639510251e+00 1.013568893193656992e-02 9.999437873383688613e-01 3.112872190940382464e-03 -5.969707900445201609e+00 -5.285057092803249583e-03 -3.059418431359614641e-03 9.999813538913547850e-01 3.935291102507422920e+02
9.999001063634642694e-01 -1.246685138722682454e-02 6.659948257142781630e-03 -1.906126607639510251e+00 1.244196784035887793e-02 9.999155084567795670e-01 3.764755487876286517e-03 -5.969707900445201609e+00 -6.706320195013211298e-03 -3.681516550725536050e-03 9.999707354244561364e-01 3.935291102507422920e+02
9.999134851200814911e-01 -1.148469817951692888e-02 6.412798352025846776e-03 -1.906126607639510251e+00 1.145610756834038527e-02 9.999243521880111230e-01 4.477443553278856979e-03 -5.969707900445201609e+00 -6.463735325686877607e-03 -4.403590480052084651e-03 9.999694137905033031e-01 3.935291102507422920e+02
9.999160564297248088e-01 -1.216687001402070450e-02 4.455038502049527525e-03 -1.906126607639510251e+00 1.215585582175295921e-02 9.999230118610131779e-01 2.491088124575550639e-03 -5.969707900445201609e+00 -4.485004262331207005e-03 -2.436724208032725950e-03 9.999869734711047675e-01 3.935291102507422920e+02
9.999476795953056163e-01 -9.510772904171009567e-03 3.766068333834034654e-03 -1.906126607639510251e+00 9.512547443164784053e-03 9.999546518343892521e-01 -4.535591586516173144e-04 -5.969707900445201609e+00 -3.761583851386949857e-03 4.893603319532221704e-04 9.999928054808161493e-01 3.935291102507422920e+02
9.999540040472816305e-01 -8.740042377154514167e-03 3.949866962296232076e-03 -1.906126607639510251e+00 8.736650995737850131e-03 9.999614518679880160e-01 8.750471117118951590e-04 -5.969707900445201609e+00 -3.957362651141448778e-03 -8.404982539566208848e-04 9.999918163882798305e-01 3.935291102507422920e+02
9.999649605435956268e-01 -8.065474472624956093e-03 2.241831068958190839e-03 -1.906126607639510251e+00 8.055455944468868992e-03 9.999576856846976725e-01 4.442574662660002741e-03 -5.969707900445201609e+00 -2.277567679945810466e-03 -4.424360025847441820e-03 9.999876187852645426e-01 3.935291102507422920e+02
9.999884160341928618e-01 -4.595376547131450364e-03 1.431890980944517571e-03 -1.906126607639510251e+00 4.586049931335100215e-03 9.999686817715833786e-01 6.450086978668215752e-03 -5.969707900445201609e+00 -1.461486715084345592e-03 -6.443445537546015414e-03 9.999781727948791055e-01 3.935291102507422920e+02
9.999979880103766483e-01 -1.789406585670055318e-03 9.066417344176832659e-04 -1.906126607639510251e+00 1.785086314017987359e-03 9.999871550861247904e-01 4.743746369035213052e-03 -5.969707900445201609e+00 -9.151185796761450051e-04 -4.742118390914529073e-03 9.999883373675666487e-01 3.935291102507422920e+02
9.999937940062333386e-01 -3.187041839627513615e-03 -1.501570276742739650e-03 -1.906126607639510251e+00 3.192586160518887106e-03 9.999880418373546798e-01 3.704534505787988961e-03 -5.969707900445201609e+00 1.489745814254865358e-03 -3.709305407954164788e-03 9.999920108234855443e-01 3.935291102507422920e+02
9.999853176581181557e-01 -4.336884320219173278e-03 -3.248984849198004784e-03 -1.906126607639510251e+00 4.353003703666427464e-03 9.999781708807009561e-01 4.970826978258804929e-03 -5.969707900445201609e+00 3.227356025139599838e-03 -4.984896837959103093e-03 9.999823673328447349e-01 3.935291102507422920e+02
9.999614410556184607e-01 -7.663139380690336261e-03 -4.288670746007714439e-03 -1.906126607639510251e+00 7.686820424922953185e-03 9.999551494690321896e-01 5.532796953128586021e-03 -5.969707900445201609e+00 4.246079802632660681e-03 -5.565549856204429768e-03 9.999754974303651789e-01 3.935291102507422920e+02
9.999563921830542101e-01 -7.903619740115656878e-03 -4.974588145562219670e-03 -1.906126607639510251e+00 7.929263089236011572e-03 9.999552680073798827e-01 5.156430078514827493e-03 -5.969707900445201609e+00 4.933611159766836986e-03 -5.195650036022294964e-03 9.999743320213904108e-01 3.935291102507422920e+02
9.999502158956725673e-01 -8.736706512231620300e-03 -4.820341220365837245e-03 -1.906126607639510251e+00 8.761165917551713006e-03 9.999487335332745142e-01 5.076640323042503657e-03 -5.969707900445201609e+00 4.775740981934407589e-03 -5.118619396261515388e-03 9.999754957165439828e-01 3.935291102507422920e+02
9.999574386745867516e-01 -7.836773827304023901e-03 -4.868861807848864562e-03 -1.906126607639510251e+00 7.859860301231182123e-03 9.999578730253877445e-01 4.740756331210222926e-03 -5.969707900445201609e+00 4.831504462294974357e-03 -4.778823131972634829e-03 9.999769094404642455e-01 3.935291102507422920e+02
9.999565960448437707e-01 -8.128783332500283051e-03 -4.552901042939348081e-03 -1.906126607639510251e+00 8.150202331772306297e-03 9.999557136359726872e-01 4.705844103644729777e-03 -5.969707900445201609e+00 4.514446624393275882e-03 -4.742746916094432892e-03 9.999785628319057817e-01 3.935291102507422920e+02
9.999452615727008054e-01 -9.355989694539513027e-03 -4.683942260870052957e-03 -1.906126607639510251e+00 9.377984788980631495e-03 9.999449984189310303e-01 4.696119490128396537e-03 -5.969707900445201609e+00 4.639747791088060132e-03 -4.739788371207660084e-03 9.999780033313880878e-01 3.935291102507422920e+02
9.999444869241439493e-01 -9.430837239418569246e-03 -4.699189178846640939e-03 -1.906126607639510251e+00 9.449536869623582913e-03 9.999474588014808374e-01 3.973146034862327751e-03 -5.969707900445201609e+00 4.661472184233838092e-03 -4.017330634707606297e-03 9.999810656865687486e-01 3.935291102507422920e+02
9.999429450456668311e-01 -9.980144333662165426e-03 -3.808329350561726837e-03 -1.906126607639510251e+00 9.996274685342464508e-03 9.999410455142555554e-01 4.240281627031213668e-03 -5.969707900445201609e+00 3.765786209812140885e-03 -4.278108804236745860e-03 9.999837581877417669e-01 3.935291102507422920e+02
9.999582722324932282e-01 -8.867099229606252228e-03 -2.197349545221103425e-03 -1.906126607639510251e+00 8.876961664848951120e-03 9.999503834385088386e-01 4.519979290175683319e-03 -5.969707900445201609e+00 2.157161415412524579e-03 -4.539296469207567720e-03 9.999873706413453522e-01 3.935291102507422920e+02
9.999307660765975880e-01 -1.163987008771653897e-02 -1.725247163652151141e-03 -1.906126607639510251e+00 1.164677620381405349e-02 9.999239782738634785e-01 4.048490710161687343e-03 -5.969707900445201609e+00 1.677992101469190584e-03 -4.068303984876914942e-03 9.999903165757120238e-01 3.935291102507422920e+02
9.999134670459264296e-01 -1.314416041387719662e-02 -5.380215379531495465e-04 -1.906126607639510251e+00 1.314630381859123974e-02 9.999047807364513929e-01 4.195730722979129634e-03 -5.969707900445201609e+00 4.828209502643204267e-04 -4.202440648603662093e-03 9.999910531482387732e-01 3.935291102507422920e+02
9.998829323741018626e-01 -1.530083940915987796e-02 -7.655264277868898033e-05 -1.906126607639510251e+00 1.530102635336944364e-02 9.998662589686081459e-01 5.774319757009956436e-03 -5.969707900445201609e+00 -1.180953474782399547e-05 -5.774815105109019561e-03 9.999833255464989357e-01 3.935291102507422920e+02
9.998798626779795695e-01 -1.549786807488372914e-02 2.762176028350654374e-04 -1.906126607639510251e+00 1.549641597984844493e-02 9.998690990245348020e-01 4.652516270392152015e-03 -5.969707900445201609e+00 -3.482855290546089228e-04 -4.647676946673565818e-03 9.999891388391118907e-01 3.935291102507422920e+02
9.998702254307840764e-01 -1.607239498170802763e-02 -1.100189306854114065e-03 -1.906126607639510251e+00 1.607619720163799837e-02 9.998645062528854766e-01 3.539070387732799056e-03 -5.969707900445201609e+00 1.043158900944254073e-03 -3.556297966655207633e-03 9.999931322585566829e-01 3.935291102507422920e+02
9.998517123053350941e-01 -1.704848734345089031e-02 -2.429501873782988382e-03 -1.906126607639510251e+00 1.705837626392089218e-02 9.998460501431423175e-01 4.109478360771745553e-03 -5.969707900445201609e+00 2.359067462497037911e-03 -4.150312332797532339e-03 9.999886047891980434e-01 3.935291102507422920e+02
9.998607771360752405e-01 -1.634662848059657836e-02 -3.348743365233207772e-03 -1.906126607639510251e+00 1.636071392210564079e-02 9.998572369601602672e-01 4.222882706796608071e-03 -5.969707900445201609e+00 3.279235393727144340e-03 -4.277082617170582628e-03 9.999854764842925903e-01 3.935291102507422920e+02
9.998623210230110914e-01 -1.623761784608908701e-02 -3.417420829668665373e-03 -1.906126607639510251e+00 1.625161845488812956e-02 9.998594876221745809e-01 4.109733509839452736e-03 -5.969707900445201609e+00 3.350208357561381464e-03 -4.164706305358960130e-03 9.999857155606524106e-01 3.935291102507422920e+02
9.998817439259278794e-01 -1.521434080824191418e-02 -2.240981343447719879e-03 -1.906126607639510251e+00 1.522151983764629193e-02 9.998789544419388609e-01 3.222079752228091103e-03 -5.969707900445201609e+00 2.191688263150286080e-03 -3.255809863702540611e-03 9.999922980726840827e-01 3.935291102507422920e+02
9.998706215829916699e-01 -1.598333499717815784e-02 -1.809170410976066465e-03 -1.906126607639510251e+00 1.598939727376205017e-02 9.998664230233103023e-01 3.387519061911726040e-03 -5.969707900445201609e+00 1.754784895488027165e-03 -3.416008334496148987e-03 9.999926257813246400e-01 3.935291102507422920e+02
9.998860077769984311e-01 -1.502405060083005992e-02 -1.499785079921305258e-03 -1.906126607639510251e+00 1.502837241342299020e-02 9.998828238138618429e-01 2.913188051430587802e-03 -5.969707900445201609e+00 1.455841456132824906e-03 -2.935395299370938127e-03 9.999946319756373159e-01 3.935291102507422920e+02
9.998732326356863931e-01 -1.583799387365955949e-02 -1.636034439169235235e-03 -1.906126607639510251e+00 1.584373822571408241e-02 9.998681425786825061e-01 3.559974057746316881e-03 -5.969707900445201609e+00 1.579435868571575467e-03 -3.585443670601653858e-03 9.999923249585574991e-01 3.935291102507422920e+02
9.999019886985492933e-01 -1.393792482959974564e-02 -1.321835124538433756e-03 -1.906126607639510251e+00 1.394299770154469945e-02 9.998951488336994542e-01 3.909495354846892132e-03 -5.969707900445201609e+00 1.267206276208108356e-03 -3.927542524223632397e-03 9.999914842627277700e-01 3.935291102507422920e+02
9.999224340525861843e-01 -1.238224206858870406e-02 -1.343859989866621378e-03 -1.906126607639510251e+00 1.238545958344177376e-02 9.999203859367418179e-01 2.412919191528175612e-03 -5.969707900445201609e+00 1.313875650192582222e-03 -2.429376354756561385e-03 9.999961859233776895e-01 3.935291102507422920e+02
9.999448254838104733e-01 -1.050069168350098101e-02 -2.854159878117110811e-04 -1.906126607639510251e+00 1.050120173900688861e-02 9.999431522499813152e-01 1.848521140676999885e-03 -5.969707900445201609e+00 2.659890119879659625e-04 -1.851416360286147096e-03 9.999982507521231190e-01 3.935291102507422920e+02
9.999752478224543939e-01 -6.863912488157564509e-03 1.546107286656526981e-03 -1.906126607639510251e+00 6.861373996507312036e-03 9.999751136561805254e-01 1.641223686405540510e-03 -5.969707900445201609e+00 -1.557334025454395815e-03 -1.630574642213767494e-03 9.999974579653034823e-01 3.935291102507422920e+02
9.999892165883487172e-01 -3.558196576639146170e-03 2.984282846572699956e-03 -1.906126607639510251e+00 3.549377491391500234e-03 9.999893340463880120e-01 2.955285584278375451e-03 -5.969707900445201609e+00 -2.994766503397648487e-03 -2.944661369854628587e-03 9.999911801326085703e-01 3.935291102507422920e+02
9.999886929021557513e-01 -3.522423020724666561e-03 3.194777592659138118e-03 -1.906126607639510251e+00 3.511494933177038667e-03 9.999879871375143559e-01 3.419792975649826178e-03 -5.969707900445201609e+00 -3.206785171737168948e-03 -3.408535862387620814e-03 9.999890491461079778e-01 3.935291102507422920e+02
9.999899295542832300e-01 -2.157815542944950711e-03 3.935050452920761492e-03 -1.906126607639510251e+00 2.144561725636783423e-03 9.999920244425467564e-01 3.369259013666255510e-03 -5.969707900445201609e+00 -3.942289308166066313e-03 -3.360786125137302585e-03 9.999865816457896850e-01 3.935291102507422920e+02
9.999880503654862141e-01 -2.467965508536360507e-03 4.219984887119308109e-03 -1.906126607639510251e+00 2.452632130139913765e-03 9.999903862292008894e-01 3.634837658966483514e-03 -5.969707900445201609e+00 -4.228914971121654730e-03 -3.624444153462924763e-03 9.999844897210882211e-01 3.935291102507422920e+02
