1.000000000000000000e+00 0.000000000000000000e+00 0.000000000000000000e+00 -7.662986200313618435e-01 0.000000000000000000e+00 1.000000000000000000e+00 0.000000000000000000e+00 -6.053360837086469104e+00 0.000000000000000000e+00 0.000000000000000000e+00 1.000000000000000000e+00 3.935096409947423126e+02
9.999995999999999885e-01 -9.035185000000000265e-04 -2.101169000000000008e-04 -7.662986200313618435e-01 9.037964000000000327e-04 9.999987000000000181e-01 1.325645999999999986e-03 -6.053360837086469104e+00 2.089193000000000040e-04 -1.325833999999999910e-03 9.999991000000000296e-01 3.935096409947423126e+02
9.999985000000000124e-01 -1.646347000000000045e-03 -5.538204999999999604e-04 -7.662986200313618435e-01 1.647374999999999968e-03 9.999968999999999664e-01 1.859718999999999912e-03 -6.053360837086469104e+00 5.507574000000000540e-04 -1.860626999999999897e-03 9.999981000000000009e-01 3.935096409947423126e+02
9.999938999999999911e-01 -3.413453999999999794e-03 -7.312196999999999881e-04 -7.662986200313618435e-01 3.413846999999999802e-03 9.999940000000000495e-01 5.361920000000000054e-04 -6.053360837086469104e+00 7.293854999999999913e-04 -5.386841000000000285e-04 9.999995999999999885e-01 3.935096409947423126e+02
9.999932000000000265e-01 -3.635348000000000052e-03 -6.434003000000000205e-04 -7.662986200313618435e-01 3.635872000000000062e-03 9.999930000000000208e-01 8.141188000000000157e-04 -6.053360837086469104e+00 6.404365999999999661e-04 -8.164516999999999608e-04 9.999995000000000411e-01 3.935096409947423126e+02
9.999921999999999978e-01 -3.925218999999999757e-03 -5.162240000000000231e-04 -7.662986200313618435e-01 3.926062000000000128e-03 9.999909000000000159e-01 1.640787000000000105e-03 -6.053360837086469104e+00 5.097791999999999862e-04 -1.642800000000000033e-03 9.999985000000000124e-01 3.935096409947423126e+02
9.999848000000000070e-01 -5.504051999999999729e-03 -4.169862000000000091e-04 -7.662986200313618435e-01 5.505157999999999580e-03 9.999812000000000145e-01 2.694454000000000207e-03 -6.053360837086469104e+00 4.021483000000000067e-04 -2.696707000000000010e-03 9.999962999999999491e-01 3.935096409947423126e+02
9.999864000000000530e-01 -5.184552000000000258e-03 -5.975595999999999903e-04 -7.662986200313618435e-01 5.186661999999999870e-03 9.999801000000000384e-01 3.583038000000000195e-03 -6.053360837086469104e+00 5.789716000000000523e-04 -3.586086999999999955e-03 9.999934000000000323e-01 3.935096409947423126e+02
9.999888999999999584e-01 -4.630869999999999605e-03 -8.604705999999999943e-04 -7.662986200313618435e-01 4.632472000000000326e-03 9.999875000000000291e-01 1.867104999999999980e-03 -6.053360837086469104e+00 8.518138999999999659e-04 -1.871070000000000068e-03 9.999978999999999951e-01 3.935096409947423126e+02
9.999976999999999894e-01 -1.900807000000000017e-03 -9.601046000000000233e-04 -7.662986200313618435e-01 1.900055000000000103e-03 9.999978999999999951e-01 -7.842218999999999666e-04 -6.053360837086469104e+00 9.615936000000000492e-04 7.823964000000000092e-04 9.999991999999999770e-01 3.935096409947423126e+02
9.999985999999999597e-01 1.543588000000000035e-03 -6.218670000000000144e-04 -7.662986200313618435e-01 -1.544659000000000093e-03 9.999972999999999779e-01 -1.724973000000000088e-03 -6.053360837086469104e+00 6.192030999999999534e-04 1.725930999999999993e-03 9.999983000000000066e-01 3.935096409947423126e+02
9.999919999999999920e-01 3.962554000000000076e-03 -5.304796999999999551e-04 -7.662986200313618435e-01 -3.963387999999999980e-03 9.999909000000000159e-01 -1.579139000000000020e-03 -6.053360837086469104e+00 5.242177999999999465e-04 1.581228999999999968e-03 9.999985999999999597e-01 3.935096409947423126e+02
9.999865000000000004e-01 5.189812999999999718e-03 -3.869434000000000263e-04 -7.662986200313618435e-01 -5.190150000000000145e-03 9.999860999999999889e-01 -8.728855999999999898e-04 -6.053360837086469104e+00 3.824082999999999823e-04 8.748825999999999912e-04 9.999995999999999885e-01 3.935096409947423126e+02
9.999955000000000371e-01 2.993089999999999900e-03 2.876760999999999950e-05 -7.662986200313618435e-01 -2.993136999999999881e-03 9.999938999999999911e-01 1.769062999999999972e-03 -6.053360837086469104e+00 -2.347214000000000123e-05 -1.769140999999999899e-03 9.999983999999999540e-01 3.935096409947423126e+02
9.999995999999999885e-01 -8.993856000000000376e-04 2.524903999999999907e-04 -7.662986200313618435e-01 8.983691999999999503e-04 9.999915999999999805e-01 3.998215999999999749e-03 -6.053360837086469104e+00 -2.560838999999999759e-04 -3.997986000000000248e-03 9.999919999999999920e-01 3.935096409947423126e+02
9.999934000000000323e-01 -3.638641000000000184e-03 -3.959215000000000005e-05 -7.662986200313618435e-01 3.638708000000000047e-03 9.999917000000000389e-01 1.831392000000000046e-03 -6.053360837086469104e+00 3.292839000000000069e-05 -1.831523000000000049e-03 9.999983000000000066e-01 3.935096409947423126e+02
9.999869000000000119e-01 -5.119262000000000291e-03 -2.320355999999999981e-04 -7.662986200313618435e-01 5.119134000000000011e-03 9.999867000000000061e-01 -5.539281000000000066e-04 -6.053360837086469104e+00 2.348685999999999894e-04 5.527336000000000098e-04 9.999997999999999942e-01 3.935096409947423126e+02
9.999959000000000486e-01 -2.848774000000000098e-03 4.262614999999999980e-04 -7.662986200313618435e-01 2.849650000000000013e-03 9.999938000000000438e-01 -2.066801999999999962e-03 -6.053360837086469104e+00 -4.203707000000000103e-04 2.068008000000000086e-03 9.999978000000000478e-01 3.935096409947423126e+02
9.999991999999999770e-01 1.424852999999999959e-04 1.245425000000000091e-03 -7.662986200313618435e-01 -1.415312999999999912e-04 9.999997000000000469e-01 -7.660729000000000019e-04 -6.053360837086469104e+00 -1.245533999999999964e-03 7.658966999999999815e-04 9.999989000000000239e-01 3.935096409947423126e+02
9.999970999999999721e-01 1.440634000000000099e-03 1.942057999999999979e-03 -7.662986200313618435e-01 -1.451156000000000104e-03 9.999841999999999897e-01 5.427244000000000339e-03 -6.053360837086469104e+00 -1.934207999999999978e-03 -5.430044000000000190e-03 9.999833999999999667e-01 3.935096409947423126e+02
9.999966000000000133e-01 -1.050890999999999978e-03 2.369238000000000073e-03 -7.662986200313618435e-01 1.037930000000000059e-03 9.999845000000000539e-01 5.465290000000000252e-03 -6.053360837086469104e+00 -2.374944999999999834e-03 -5.462810999999999709e-03 9.999822999999999906e-01 3.935096409947423126e+02
9.999839000000000366e-01 -5.339006999999999781e-03 1.951314999999999907e-03 -7.662986200313618435e-01 5.331391999999999902e-03 9.999782000000000393e-01 3.887906999999999908e-03 -6.053360837086469104e+00 -1.972030000000000050e-03 -3.877438999999999886e-03 9.999905000000000044e-01 3.935096409947423126e+02
9.999803999999999915e-01 -5.933228999999999934e-03 1.984891999999999820e-03 -7.662986200313618435e-01 5.930623000000000318e-03 9.999814999999999676e-01 1.317192999999999923e-03 -6.053360837086469104e+00 -1.992671000000000112e-03 -1.305394999999999993e-03 9.999972000000000305e-01 3.935096409947423126e+02
9.999780999999999809e-01 -6.177288999999999870e-03 2.396695999999999809e-03 -7.662986200313618435e-01 6.179643000000000289e-03 9.999803999999999915e-01 -9.754600999999999680e-04 -6.053360837086469104e+00 -2.390623000000000140e-03 9.902498999999999937e-04 9.999966999999999606e-01 3.935096409947423126e+02
9.999909000000000159e-01 -2.864263000000000139e-03 3.173275000000000141e-03 -7.662986200313618435e-01 2.868672000000000062e-03 9.999949000000000199e-01 -1.385713000000000006e-03 -6.053360837086469104e+00 -3.169289999999999954e-03 1.394803999999999922e-03 9.999940000000000495e-01 3.935096409947423126e+02
9.999917999999999862e-01 -1.916603999999999921e-03 3.569832000000000213e-03 -7.662986200313618435e-01 1.929097999999999967e-03 9.999919999999999920e-01 -3.499496999999999851e-03 -6.053360837086469104e+00 -3.563095999999999972e-03 3.506355000000000062e-03 9.999875000000000291e-01 3.935096409947423126e+02
9.999934000000000323e-01 -1.021449000000000011e-03 3.498427000000000134e-03 -7.662986200313618435e-01 1.035312000000000038e-03 9.999915999999999805e-01 -3.963091999999999657e-03 -6.053360837086469104e+00 -3.494349999999999800e-03 3.966688000000000332e-03 9.999860000000000415e-01 3.935096409947423126e+02
9.999936999999999854e-01 -9.562966000000000218e-04 3.408962000000000190e-03 -7.662986200313618435e-01 9.619573999999999660e-04 9.999981000000000009e-01 -1.659242000000000009e-03 -6.053360837086469104e+00 -3.407368999999999936e-03 1.662510999999999980e-03 9.999928000000000150e-01 3.935096409947423126e+02
9.999955000000000371e-01 -1.889566999999999929e-04 2.986144000000000038e-03 -7.662986200313618435e-01 1.891380999999999976e-04 1.000000000000000000e+00 -6.045352000000000120e-05 -6.053360837086469104e+00 -2.986131999999999849e-03 6.101873000000000117e-05 9.999955000000000371e-01 3.935096409947423126e+02
9.999924999999999509e-01 2.514535999999999941e-03 2.962671000000000054e-03 -7.662986200313618435e-01 -2.513425000000000121e-03 9.999966999999999606e-01 -3.789501999999999823e-04 -6.053360837086469104e+00 -2.963613999999999832e-03 3.715015999999999805e-04 9.999955000000000371e-01 3.935096409947423126e+02
9.999824000000000490e-01 5.051550999999999611e-03 3.101410000000000191e-03 -7.662986200313618435e-01 -5.049834999999999914e-03 9.999871000000000176e-01 -5.613031000000000097e-04 -6.053360837086469104e+00 -3.104205000000000072e-03 5.456322999999999902e-04 9.999949999999999672e-01 3.935096409947423126e+02
9.999692000000000025e-01 7.203651999999999625e-03 3.111047000000000031e-03 -7.662986200313618435e-01 -7.203530999999999997e-03 9.999740000000000295e-01 -5.033623000000000307e-05 -6.053360837086469104e+00 -3.111328000000000010e-03 2.792485000000000082e-05 9.999951999999999730e-01 3.935096409947423126e+02
9.999614999999999476e-01 8.308311000000000515e-03 2.843621000000000169e-03 -7.662986200313618435e-01 -8.308996000000000784e-03 9.999654000000000043e-01 2.285386999999999944e-04 -6.053360837086469104e+00 -2.841624000000000060e-03 -2.521566999999999841e-04 9.999959000000000486e-01 3.935096409947423126e+02
9.999706999999999901e-01 7.259716000000000259e-03 2.412258999999999931e-03 -7.662986200313618435e-01 -7.259296999999999625e-03 9.999736000000000180e-01 -1.830540999999999928e-04 -6.053360837086469104e+00 -2.413523999999999791e-03 1.655380999999999931e-04 9.999970999999999721e-01 3.935096409947423126e+02
9.999778999999999751e-01 6.426237999999999916e-03 1.720933000000000011e-03 -7.662986200313618435e-01 -6.424858000000000305e-03 9.999789999999999512e-01 -8.074729999999999581e-04 -6.053360837086469104e+00 -1.726085000000000032e-03 7.963989000000000094e-04 9.999981999999999482e-01 3.935096409947423126e+02
9.999829000000000079e-01 5.800168999999999984e-03 7.616190999999999803e-04 -7.662986200313618435e-01 -5.800121999999999570e-03 9.999831999999999610e-01 -6.598168999999999812e-05 -6.053360837086469104e+00 -7.619887000000000318e-04 6.156377000000000637e-05 9.999997000000000469e-01 3.935096409947423126e+02
9.999818999999999791e-01 6.010564999999999831e-03 -2.411951999999999976e-04 -7.662986200313618435e-01 -6.010373999999999751e-03 9.999816000000000260e-01 7.926520999999999524e-04 -6.053360837086469104e+00 2.459553999999999864e-04 -7.911873000000000473e-04 9.999997000000000469e-01 3.935096409947423126e+02
9.999770999999999521e-01 6.648910000000000063e-03 -1.303817000000000084e-03 -7.662986200313618435e-01 -6.647540000000000393e-03 9.999772999999999579e-01 1.052800000000000003e-03 -6.053360837086469104e+00 1.310788000000000014e-03 -1.044107999999999972e-03 9.999985999999999597e-01 3.935096409947423126e+02
9.999748999999999999e-01 6.638251000000000394e-03 -2.479480000000000052e-03 -7.662986200313618435e-01 -6.636600999999999785e-03 9.999776999999999694e-01 6.739965000000000105e-04 -6.053360837086469104e+00 2.483899999999999823e-03 -6.575233999999999463e-04 9.999966999999999606e-01 3.935096409947423126e+02
9.999698999999999671e-01 6.882776000000000172e-03 -3.588300999999999904e-03 -7.662986200313618435e-01 -6.875797000000000332e-03 9.999744000000000410e-01 1.954122999999999884e-03 -6.053360837086469104e+00 3.601659000000000110e-03 -1.929390999999999919e-03 9.999917000000000389e-01 3.935096409947423126e+02
9.999753000000000114e-01 5.497092000000000298e-03 -4.387405999999999945e-03 -7.662986200313618435e-01 -5.484306000000000424e-03 9.999806999999999446e-01 2.921094999999999855e-03 -6.053360837086469104e+00 4.403378999999999800e-03 -2.896960000000000073e-03 9.999860999999999889e-01 3.935096409947423126e+02
9.999793999999999627e-01 4.003114999999999798e-03 -5.028577999999999694e-03 -7.662986200313618435e-01 -3.988903999999999714e-03 9.999879999999999880e-01 2.833037999999999963e-03 -6.053360837086469104e+00 5.039858999999999832e-03 -2.812920000000000004e-03 9.999833999999999667e-01 3.935096409947423126e+02
9.999824999999999964e-01 1.719377000000000015e-03 -5.654443000000000316e-03 -7.662986200313618435e-01 -1.705846000000000012e-03 9.999955999999999845e-01 2.396848000000000034e-03 -6.053360837086469104e+00 5.658540000000000098e-03 -2.387160000000000150e-03 9.999812000000000145e-01 3.935096409947423126e+02
9.999835000000000251e-01 3.749396000000000109e-04 -5.730769000000000141e-03 -7.662986200313618435e-01 -3.587007000000000129e-04 9.999959000000000486e-01 2.834405999999999818e-03 -6.053360837086469104e+00 5.731809000000000036e-03 -2.832302000000000083e-03 9.999795999999999685e-01 3.935096409947423126e+02
9.999856000000000300e-01 -8.364906000000000511e-04 -5.300789000000000195e-03 -7.662986200313618435e-01 8.549023000000000429e-04 9.999936000000000380e-01 3.472041999999999837e-03 -6.053360837086469104e+00 5.297851999999999596e-03 -3.476522000000000119e-03 9.999799000000000326e-01 3.935096409947423126e+02
9.999862000000000473e-01 -1.858791000000000046e-03 -4.917931000000000386e-03 -7.662986200313618435e-01 1.878972000000000021e-03 9.999898000000000398e-01 4.102185999999999853e-03 -6.053360837086469104e+00 4.910257000000000337e-03 -4.111369000000000135e-03 9.999795000000000211e-01 3.935096409947423126e+02
9.999827000000000021e-01 -3.792549000000000094e-03 -4.488790000000000315e-03 -7.662986200313618435e-01 3.809032999999999863e-03 9.999860000000000415e-01 3.669129000000000140e-03 -6.053360837086469104e+00 4.474811999999999887e-03 -3.686163000000000113e-03 9.999831999999999610e-01 3.935096409947423126e+02
9.999780000000000335e-01 -5.296196000000000410e-03 -4.008198000000000143e-03 -7.662986200313618435e-01 5.307525999999999911e-03 9.999818999999999791e-01 2.820927999999999890e-03 -6.053360837086469104e+00 3.993186000000000131e-03 -2.842138000000000130e-03 9.999879999999999880e-01 3.935096409947423126e+02
9.999806999999999446e-01 -5.220464000000000181e-03 -3.359594999999999942e-03 -7.662986200313618435e-01 5.228046000000000082e-03 9.999837999999999782e-01 2.251723000000000179e-03 -6.053360837086469104e+00 3.347786000000000164e-03 -2.269241999999999874e-03 9.999917999999999862e-01 3.935096409947423126e+02
9.999907000000000101e-01 -3.482461999999999971e-03 -2.553135000000000213e-03 -7.662986200313618435e-01 3.488377999999999878e-03 9.999911999999999690e-01 2.316103999999999819e-03 -6.053360837086469104e+00 2.545046999999999934e-03 -2.324987000000000147e-03 9.999940999999999969e-01 3.935096409947423126e+02
9.999976999999999894e-01 -6.481361000000000370e-04 -2.068771999999999972e-03 -7.662986200313618435e-01 6.556851999999999949e-04 9.999930999999999681e-01 3.650429000000000174e-03 -6.053360837086469104e+00 2.066391999999999795e-03 -3.651775999999999807e-03 9.999911999999999690e-01 3.935096409947423126e+02
9.999945999999999557e-01 3.012864999999999988e-03 -1.287970999999999951e-03 -7.662986200313618435e-01 -3.006441999999999795e-03 9.999831999999999610e-01 4.960904999999999829e-03 -6.053360837086469104e+00 1.302896999999999909e-03 -4.957004000000000098e-03 9.999869000000000119e-01 3.935096409947423126e+02
9.999776999999999694e-01 6.659932999999999825e-03 -5.287412999999999922e-04 -7.662986200313618435e-01 -6.656920000000000198e-03 9.999626000000000348e-01 5.510824000000000104e-03 -6.053360837086469104e+00 5.654235999999999984e-04 -5.507180000000000408e-03 9.999846999999999486e-01 3.935096409947423126e+02
9.999377999999999878e-01 1.115147000000000013e-02 1.358832999999999938e-04 -7.662986200313618435e-01 -1.115202000000000034e-02 9.999246999999999996e-01 5.112812999999999906e-03 -6.053360837086469104e+00 -7.885742999999999692e-05 -5.114007999999999748e-03 9.999869000000000119e-01 3.935096409947423126e+02
9.998985999999999708e-01 1.421690999999999927e-02 8.503239999999999583e-04 -7.662986200313618435e-01 -1.422069999999999931e-02 9.998882000000000048e-01 4.621051000000000152e-03 -6.053360837086469104e+00 -7.845315000000000491e-04 -4.632673000000000346e-03 9.999890000000000168e-01 3.935096409947423126e+02
9.998648999999999454e-01 1.636597999999999872e-02 1.544957999999999922e-03 -7.662986200313618435e-01 -1.637256000000000128e-02 9.998565000000000369e-01 4.344500999999999745e-03 -6.053360837086469104e+00 -1.473633999999999925e-03 -4.369206999999999952e-03 9.999894000000000283e-01 3.935096409947423126e+02
9.998597999999999653e-01 1.663765999999999856e-02 1.883621000000000037e-03 -7.662986200313618435e-01 -1.664594999999999964e-02 9.998513999999999458e-01 4.472344999999999966e-03 -6.053360837086469104e+00 -1.808930999999999950e-03 -4.503070999999999983e-03 9.999881999999999938e-01 3.935096409947423126e+02
9.998793000000000264e-01 1.540191999999999950e-02 2.040510000000000154e-03 -7.662986200313618435e-01 -1.541124999999999960e-02 9.998704999999999954e-01 4.635585000000000226e-03 -6.053360837086469104e+00 -1.968848000000000039e-03 -4.666469999999999820e-03 9.999871999999999650e-01 3.935096409947423126e+02
9.998966999999999716e-01 1.423630000000000034e-02 1.959368999999999868e-03 -7.662986200313618435e-01 -1.424344999999999951e-02 9.998917000000000499e-01 3.684602999999999837e-03 -6.053360837086469104e+00 -1.906701000000000012e-03 -3.712129000000000210e-03 9.999913000000000274e-01 3.935096409947423126e+02
9.999076000000000075e-01 1.348986999999999929e-02 1.677214999999999913e-03 -7.662986200313618435e-01 -1.349578000000000062e-02 9.999025999999999748e-01 3.560724999999999828e-03 -6.053360837086469104e+00 -1.629018000000000089e-03 -3.583030000000000069e-03 9.999922999999999451e-01 3.935096409947423126e+02
9.999074000000000018e-01 1.353415999999999994e-02 1.448463000000000094e-03 -7.662986200313618435e-01 -1.353963000000000041e-02 9.999010000000000398e-01 3.833191000000000116e-03 -6.053360837086469104e+00 -1.396440000000000094e-03 -3.852447000000000163e-03 9.999915999999999805e-01 3.935096409947423126e+02
9.999139999999999695e-01 1.308010000000000075e-02 9.085344000000000406e-04 -7.662986200313618435e-01 -1.308305000000000058e-02 9.999088999999999894e-01 3.317810999999999937e-03 -6.053360837086469104e+00 -8.650539999999999749e-04 -3.329411000000000002e-03 9.999940999999999969e-01 3.935096409947423126e+02
9.999097000000000124e-01 1.343478000000000033e-02 1.870472999999999938e-04 -7.662986200313618435e-01 -1.343539000000000018e-02 9.999029000000000389e-01 3.681202000000000172e-03 -6.053360837086469104e+00 -1.375726999999999983e-04 -3.683381999999999802e-03 9.999932000000000265e-01 3.935096409947423126e+02
9.999145000000000394e-01 1.305409000000000083e-02 -7.454491999999999846e-04 -7.662986200313618435e-01 -1.305069000000000021e-02 9.999050999999999911e-01 4.397268999999999657e-03 -6.053360837086469104e+00 8.027813000000000180e-04 -4.387163000000000347e-03 9.999900999999999929e-01 3.935096409947423126e+02
9.999384999999999524e-01 1.093064000000000015e-02 -1.877975000000000044e-03 -7.662986200313618435e-01 -1.092023999999999946e-02 9.999253999999999643e-01 5.458590000000000143e-03 -6.053360837086469104e+00 1.937500999999999893e-03 -5.437744999999999905e-03 9.999833000000000194e-01 3.935096409947423126e+02
9.999565999999999732e-01 8.790730999999999545e-03 -3.086647000000000089e-03 -7.662986200313618435e-01 -8.771543999999999175e-03 9.999424000000000090e-01 6.176184999999999835e-03 -6.053360837086469104e+00 3.140762999999999975e-03 -6.148840000000000035e-03 9.999761999999999817e-01 3.935096409947423126e+02
9.999700000000000255e-01 6.803260000000000210e-03 -3.711636999999999836e-03 -7.662986200313618435e-01 -6.779631999999999846e-03 9.999569000000000374e-01 6.342124999999999672e-03 -6.053360837086469104e+00 3.754623999999999809e-03 -6.316768999999999856e-03 9.999730000000000008e-01 3.935096409947423126e+02
9.999761000000000344e-01 5.509751999999999705e-03 -4.188779999999999587e-03 -7.662986200313618435e-01 -5.485989000000000143e-03 9.999689000000000494e-01 5.663658999999999707e-03 -6.053360837086469104e+00 4.219856000000000128e-03 -5.640542000000000125e-03 9.999751999999999530e-01 3.935096409947423126e+02
9.999808999999999504e-01 4.282216999999999621e-03 -4.468492000000000124e-03 -7.662986200313618435e-01 -4.259218000000000379e-03 9.999776999999999694e-01 5.143990000000000194e-03 -6.053360837086469104e+00 4.490420999999999649e-03 -5.124857000000000024e-03 9.999767999999999990e-01 3.935096409947423126e+02
9.999772000000000105e-01 4.941454999999999979e-03 -4.604768000000000402e-03 -7.662986200313618435e-01 -4.919520999999999616e-03 9.999765000000000459e-01 4.762663999999999787e-03 -6.053360837086469104e+00 4.628194999999999878e-03 -4.739901000000000357e-03 9.999780999999999809e-01 3.935096409947423126e+02
9.999786999999999981e-01 4.738575000000000079e-03 -4.487409999999999836e-03 -7.662986200313618435e-01 -4.720318999999999730e-03 9.999805000000000499e-01 4.070436999999999667e-03 -6.053360837086469104e+00 4.506610999999999777e-03 -4.049167000000000217e-03 9.999816999999999734e-01 3.935096409947423126e+02
9.999761000000000344e-01 5.462031000000000004e-03 -4.246259999999999965e-03 -7.662986200313618435e-01 -5.447631999999999995e-03 9.999793999999999627e-01 3.395396000000000178e-03 -6.053360837086469104e+00 4.264719000000000149e-03 -3.372181000000000137e-03 9.999852000000000185e-01 3.935096409947423126e+02
9.999675999999999565e-01 7.060839999999999651e-03 -3.876949000000000194e-03 -7.662986200313618435e-01 -7.047185000000000081e-03 9.999689000000000494e-01 3.524910999999999930e-03 -6.053360837086469104e+00 3.901718000000000200e-03 -3.497473000000000075e-03 9.999862999999999946e-01 3.935096409947423126e+02
9.999651000000000511e-01 7.529260000000000293e-03 -3.627206999999999914e-03 -7.662986200313618435e-01 -7.511447000000000089e-03 9.999597999999999542e-01 4.900143000000000033e-03 -6.053360837086469104e+00 3.663955999999999897e-03 -4.872724999999999626e-03 9.999814000000000203e-01 3.935096409947423126e+02
9.999550000000000383e-01 8.833811000000000441e-03 -3.458297999999999841e-03 -7.662986200313618435e-01 -8.811342999999999259e-03 9.999403000000000041e-01 6.459623000000000274e-03 -6.053360837086469104e+00 3.515154999999999842e-03 -6.428857999999999968e-03 9.999732000000000065e-01 3.935096409947423126e+02
9.999597000000000069e-01 8.302254000000000231e-03 -3.413288999999999906e-03 -7.662986200313618435e-01 -8.284615999999999855e-03 9.999523999999999635e-01 5.149957999999999619e-03 -6.053360837086469104e+00 3.455884000000000213e-03 -5.121470999999999836e-03 9.999808999999999504e-01 3.935096409947423126e+02
9.999609999999999888e-01 8.173870999999999221e-03 -3.338204999999999905e-03 -7.662986200313618435e-01 -8.165524000000000393e-03 9.999635000000000051e-01 2.507095999999999891e-03 -6.053360837086469104e+00 3.358575999999999836e-03 -2.479738999999999902e-03 9.999913000000000274e-01 3.935096409947423126e+02
9.999651000000000511e-01 7.633273999999999788e-03 -3.387355999999999787e-03 -7.662986200313618435e-01 -7.628806000000000129e-03 9.999700000000000255e-01 1.330447000000000010e-03 -6.053360837086469104e+00 3.397410999999999921e-03 -1.304557999999999933e-03 9.999934000000000323e-01 3.935096409947423126e+02
9.999795999999999685e-01 5.504928000000000078e-03 -3.239048000000000014e-03 -7.662986200313618435e-01 -5.496405000000000214e-03 9.999814000000000203e-01 2.634819000000000050e-03 -6.053360837086469104e+00 3.253493000000000097e-03 -2.616961000000000113e-03 9.999913000000000274e-01 3.935096409947423126e+02
9.999915999999999805e-01 3.142105000000000072e-03 -2.625882999999999863e-03 -7.662986200313618435e-01 -3.129621999999999873e-03 9.999837999999999782e-01 4.744784000000000154e-03 -6.053360837086469104e+00 2.640748999999999961e-03 -4.736525000000000110e-03 9.999852999999999659e-01 3.935096409947423126e+02
9.999972999999999779e-01 1.561464999999999945e-03 -1.709519000000000056e-03 -7.662986200313618435e-01 -1.552201999999999922e-03 9.999841999999999897e-01 5.406522999999999884e-03 -6.053360837086469104e+00 1.717933999999999954e-03 -5.403853999999999602e-03 9.999839000000000366e-01 3.935096409947423126e+02
9.999993000000000354e-01 6.761649000000000218e-04 -1.000187999999999945e-03 -7.662986200313618435e-01 -6.721987999999999921e-04 9.999919000000000446e-01 3.960469000000000316e-03 -6.053360837086469104e+00 1.002857999999999918e-03 -3.959792000000000173e-03 9.999917000000000389e-01 3.935096409947423126e+02
9.999966000000000133e-01 2.581200000000000074e-03 -3.337540999999999967e-04 -7.662986200313618435e-01 -2.580677999999999878e-03 9.999953999999999787e-01 1.556831999999999964e-03 -6.053360837086469104e+00 3.377713999999999760e-04 -1.555963999999999958e-03 9.999987000000000181e-01 3.935096409947423126e+02
9.999894999999999756e-01 4.532669999999999928e-03 7.482826999999999838e-04 -7.662986200313618435e-01 -4.532188000000000362e-03 9.999894999999999756e-01 -6.455748999999999776e-04 -6.053360837086469104e+00 -7.512007999999999923e-04 6.421773999999999885e-04 9.999995000000000411e-01 3.935096409947423126e+02
9.999689999999999968e-01 7.570196999999999864e-03 2.161282000000000047e-03 -7.662986200313618435e-01 -7.568321999999999723e-03 9.999710000000000543e-01 -8.754175999999999581e-04 -6.053360837086469104e+00 -2.167846000000000183e-03 8.590336999999999539e-04 9.999972999999999779e-01 3.935096409947423126e+02
9.999531000000000391e-01 8.996723999999999347e-03 3.596944999999999830e-03 -7.662986200313618435e-01 -9.001425000000000398e-03 9.999586000000000308e-01 1.292098999999999895e-03 -6.053360837086469104e+00 -3.585170999999999844e-03 -1.324415000000000011e-03 9.999926999999999566e-01 3.935096409947423126e+02
9.999479000000000006e-01 9.079887999999999501e-03 4.667313000000000191e-03 -7.662986200313618435e-01 -9.097321000000000227e-03 9.999516000000000515e-01 3.727156000000000132e-03 -6.053360837086469104e+00 -4.633245999999999719e-03 -3.769419999999999889e-03 9.999822000000000433e-01 3.935096409947423126e+02
9.999525000000000219e-01 8.077878999999999615e-03 5.449540000000000113e-03 -7.662986200313618435e-01 -8.102032999999999804e-03 9.999573999999999963e-01 4.424713000000000257e-03 -6.053360837086469104e+00 -5.413565000000000391e-03 -4.468653999999999855e-03 9.999753999999999587e-01 3.935096409947423126e+02
9.999422000000000033e-01 8.587162000000000614e-03 6.468938999999999939e-03 -7.662986200313618435e-01 -8.611020000000000479e-03 9.999561999999999617e-01 3.668979000000000164e-03 -6.053360837086469104e+00 -6.437148999999999649e-03 -3.724468999999999783e-03 9.999723999999999835e-01 3.935096409947423126e+02
9.999166999999999916e-01 1.035030999999999972e-02 7.709246999999999801e-03 -7.662986200313618435e-01 -1.037510999999999989e-02 9.999411000000000271e-01 3.183679000000000023e-03 -6.053360837086469104e+00 -7.675841000000000088e-03 -3.263396000000000005e-03 9.999651999999999985e-01 3.935096409947423126e+02
9.998842000000000008e-01 1.238024000000000069e-02 8.849720000000000156e-03 -7.662986200313618435e-01 -1.240543000000000028e-02 9.999190999999999496e-01 2.797299000000000053e-03 -6.053360837086469104e+00 -8.814373000000000347e-03 -2.906759000000000079e-03 9.999569000000000374e-01 3.935096409947423126e+02
9.998641000000000334e-01 1.313727999999999944e-02 9.963118999999999448e-03 -7.662986200313618435e-01 -1.315501999999999991e-02 9.999120000000000230e-01 1.716443000000000005e-03 -6.053360837086469104e+00 -9.939692999999999445e-03 -1.847274000000000095e-03 9.999489000000000294e-01 3.935096409947423126e+02
9.998377000000000514e-01 1.423200999999999980e-02 1.105094000000000042e-02 -7.662986200313618435e-01 -1.424546999999999966e-02 9.998979000000000061e-01 1.139845000000000007e-03 -6.053360837086469104e+00 -1.103358999999999937e-02 -1.297084999999999905e-03 9.999382999999999466e-01 3.935096409947423126e+02
9.998388000000000275e-01 1.339481000000000005e-02 1.195753999999999914e-02 -7.662986200313618435e-01 -1.340614000000000042e-02 9.999097000000000124e-01 8.676731999999999717e-04 -6.053360837086469104e+00 -1.194483999999999997e-02 -1.027836999999999978e-03 9.999280999999999864e-01 3.935096409947423126e+02
9.998361999999999528e-01 1.286455000000000064e-02 1.272995000000000029e-02 -7.662986200313618435e-01 -1.288657999999999991e-02 9.999156000000000155e-01 1.649653000000000057e-03 -6.053360837086469104e+00 -1.270764999999999915e-02 -1.813427000000000051e-03 9.999175999999999620e-01 3.935096409947423126e+02
9.998371000000000342e-01 1.188958000000000029e-02 1.357739999999999989e-02 -7.662986200313618435e-01 -1.193361000000000074e-02 9.999238000000000293e-01 3.166743999999999983e-03 -6.053360837086469104e+00 -1.353872000000000062e-02 -3.328255000000000016e-03 9.999027999999999805e-01 3.935096409947423126e+02
9.998441000000000134e-01 1.089170000000000069e-02 1.389623000000000073e-02 -7.662986200313618435e-01 -1.093766000000000009e-02 9.999348999999999599e-01 3.235384000000000003e-03 -6.053360837086469104e+00 -1.386008000000000032e-02 -3.386870000000000158e-03 9.998981999999999593e-01 3.935096409947423126e+02
9.998648999999999454e-01 8.812544999999999754e-03 1.387257000000000073e-02 -7.662986200313618435e-01 -8.863631000000000287e-03 9.999540999999999569e-01 3.625221999999999993e-03 -6.053360837086469104e+00 -1.383998999999999993e-02 -3.747691999999999950e-03 9.998972000000000415e-01 3.935096409947423126e+02
9.998827000000000131e-01 7.142772999999999831e-03 1.354834000000000073e-02 -7.662986200313618435e-01 -7.199653000000000302e-03 9.999654000000000043e-01 4.154062000000000032e-03 -6.053360837086469104e+00 -1.351819999999999931e-02 -4.251116999999999570e-03 9.998995999999999995e-01 3.935096409947423126e+02
9.998995999999999995e-01 5.636613999999999861e-03 1.300498999999999926e-02 -7.662986200313618435e-01 -5.686390000000000368e-03 9.999765999999999933e-01 3.793552999999999856e-03 -6.053360837086469104e+00 -1.298329999999999970e-02 -3.867122000000000181e-03 9.999082000000000248e-01 3.935096409947423126e+02
9.999228000000000005e-01 4.048643000000000207e-03 1.174935000000000042e-02 -7.662986200313618435e-01 -4.092636999999999664e-03 9.999846999999999486e-01 3.722650999999999998e-03 -6.053360837086469104e+00 -1.173410000000000078e-02 -3.770448000000000029e-03 9.999240999999999824e-01 3.935096409947423126e+02
9.999390999999999696e-01 2.791726999999999924e-03 1.067836999999999953e-02 -7.662986200313618435e-01 -2.842434999999999927e-03 9.999846999999999486e-01 4.736388000000000230e-03 -6.053360837086469104e+00 -1.066497999999999925e-02 -4.766450999999999674e-03 9.999318000000000373e-01 3.935096409947423126e+02
9.999525999999999692e-01 1.228059000000000095e-03 9.656580999999999151e-03 -7.662986200313618435e-01 -1.276893000000000082e-03 9.999864000000000530e-01 5.052512000000000322e-03 -6.053360837086469104e+00 -9.650245000000000004e-03 -5.064601999999999646e-03 9.999405999999999572e-01 3.935096409947423126e+02
9.999649999999999928e-01 4.853851999999999754e-04 8.355190999999999660e-03 -7.662986200313618435e-01 -5.268856999999999621e-04 9.999875000000000291e-01 4.965533999999999747e-03 -6.053360837086469104e+00 -8.352675999999999851e-03 -4.969760000000000150e-03 9.999527999999999750e-01 3.935096409947423126e+02
9.999748000000000525e-01 2.292746000000000020e-04 7.102144000000000339e-03 -7.662986200313618435e-01 -2.612741000000000130e-04 9.999898000000000398e-01 4.505000999999999797e-03 -6.053360837086469104e+00 -7.101038999999999962e-03 -4.506740999999999872e-03 9.999645999999999813e-01 3.935096409947423126e+02
9.999816000000000260e-01 -1.461826000000000054e-04 6.061112999999999917e-03 -7.662986200313618435e-01 1.219015000000000051e-04 9.999919000000000446e-01 4.006238999999999981e-03 -6.053360837086469104e+00 -6.061650000000000024e-03 -4.005424999999999958e-03 9.999736000000000180e-01 3.935096409947423126e+02
9.999856000000000300e-01 -1.774247000000000064e-03 5.074855999999999985e-03 -7.662986200313618435e-01 1.762936000000000104e-03 9.999959000000000486e-01 2.232535999999999809e-03 -6.053360837086469104e+00 -5.078797000000000346e-03 -2.223555999999999797e-03 9.999846000000000013e-01 3.935096409947423126e+02
9.999656000000000100e-01 -7.298614000000000143e-03 3.947403999999999843e-03 -7.662986200313618435e-01 7.295542000000000346e-03 9.999730000000000008e-01 7.925720999999999938e-04 -6.053360837086469104e+00 -3.953082000000000124e-03 -7.637454999999999808e-04 9.999919000000000446e-01 3.935096409947423126e+02
9.998966999999999716e-01 -1.409567999999999932e-02 2.802841999999999834e-03 -7.662986200313618435e-01 1.408553000000000062e-02 9.998943000000000136e-01 3.608253000000000068e-03 -6.053360837086469104e+00 -2.853406000000000171e-03 -3.568399999999999784e-03 9.999896000000000340e-01 3.935096409947423126e+02
9.997629999999999573e-01 -2.173080000000000150e-02 1.320180999999999915e-03 -7.662986200313618435e-01 2.172460000000000016e-02 9.997536000000000200e-01 4.543875999999999644e-03 -6.053360837086469104e+00 -1.418598000000000081e-03 -4.514118000000000124e-03 9.999888000000000110e-01 3.935096409947423126e+02
9.996861999999999693e-01 -2.504947000000000076e-02 1.332437000000000064e-04 -7.662986200313618435e-01 2.504914000000000099e-02 9.996840000000000170e-01 2.113372000000000080e-03 -6.053360837086469104e+00 -1.861401000000000104e-04 -2.109370000000000168e-03 9.999978000000000478e-01 3.935096409947423126e+02
9.996840999999999644e-01 -2.513251999999999847e-02 3.807422000000000085e-04 -7.662986200313618435e-01 2.513320000000000137e-02 9.996823000000000237e-01 -1.884702999999999943e-03 -6.053360837086469104e+00 -3.332534999999999968e-04 1.893677000000000077e-03 9.999981999999999482e-01 3.935096409947423126e+02
9.997662000000000493e-01 -2.158749000000000084e-02 1.248821999999999910e-03 -7.662986200313618435e-01 2.159192000000000056e-02 9.997601999999999878e-01 -3.645128999999999991e-03 -6.053360837086469104e+00 -1.169832999999999897e-03 3.671241000000000001e-03 9.999926000000000093e-01 3.935096409947423126e+02
9.997705000000000064e-01 -2.133186999999999930e-02 2.001938999999999889e-03 -7.662986200313618435e-01 2.133904000000000009e-02 9.997656999999999794e-01 -3.630060999999999965e-03 -6.053360837086469104e+00 -1.924034000000000031e-03 3.671947000000000058e-03 9.999913999999999747e-01 3.935096409947423126e+02
9.997070999999999596e-01 -2.405937999999999827e-02 2.609288999999999879e-03 -7.662986200313618435e-01 2.406072000000000072e-02 9.997103999999999990e-01 -4.795237999999999844e-04 -6.053360837086469104e+00 -2.596995999999999853e-03 5.421653999999999710e-04 9.999964999999999549e-01 3.935096409947423126e+02
9.995597000000000509e-01 -2.951217000000000076e-02 3.081804999999999961e-03 -7.662986200313618435e-01 2.950364999999999932e-02 9.995608000000000271e-01 2.776577000000000125e-03 -6.053360837086469104e+00 -3.162393999999999795e-03 -2.684428999999999895e-03 9.999913999999999747e-01 3.935096409947423126e+02
9.994283999999999946e-01 -3.366699000000000080e-02 3.070718000000000059e-03 -7.662986200313618435e-01 3.365623000000000226e-02 9.994273000000000184e-01 3.494310999999999945e-03 -6.053360837086469104e+00 -3.186602000000000184e-03 -3.388963999999999952e-03 9.999892000000000225e-01 3.935096409947423126e+02
9.993665000000000465e-01 -3.546242000000000144e-02 3.006804000000000074e-03 -7.662986200313618435e-01 3.545071000000000333e-02 9.993638999999999717e-01 3.864764000000000133e-03 -6.053360837086469104e+00 -3.141945000000000154e-03 -3.755721000000000059e-03 9.999879999999999880e-01 3.935096409947423126e+02
9.994176000000000171e-01 -3.391111000000000125e-02 3.821913000000000133e-03 -7.662986200313618435e-01 3.389483000000000079e-02 9.994163000000000352e-01 4.248695000000000249e-03 -6.053360837086469104e+00 -3.963760000000000200e-03 -4.116675000000000195e-03 9.999837000000000309e-01 3.935096409947423126e+02
9.995378999999999792e-01 -2.997703999999999994e-02 5.043696000000000290e-03 -7.662986200313618435e-01 2.995748999999999981e-02 9.995435000000000292e-01 3.909705999999999772e-03 -6.053360837086469104e+00 -5.158595000000000194e-03 -3.756801000000000151e-03 9.999795999999999685e-01 3.935096409947423126e+02
9.996296999999999544e-01 -2.654346999999999956e-02 5.992326000000000076e-03 -7.662986200313618435e-01 2.653482000000000063e-02 9.996466999999999992e-01 1.518786000000000051e-03 -6.053360837086469104e+00 -6.030523000000000307e-03 -1.359217000000000021e-03 9.999808999999999504e-01 3.935096409947423126e+02
9.996962999999999822e-01 -2.370306999999999970e-02 6.750227000000000137e-03 -7.662986200313618435e-01 2.369904000000000108e-02 9.997188999999999659e-01 6.776078000000000483e-04 -6.053360837086469104e+00 -6.764390999999999807e-03 -5.174272999999999850e-04 9.999770000000000048e-01 3.935096409947423126e+02
9.997390000000000443e-01 -2.170098000000000166e-02 7.145420999999999891e-03 -7.662986200313618435e-01 2.168704000000000118e-02 9.997627000000000042e-01 2.022973999999999866e-03 -6.053360837086469104e+00 -7.187625999999999911e-03 -1.867481999999999953e-03 9.999723999999999835e-01 3.935096409947423126e+02
9.997747999999999635e-01 -2.006188999999999889e-02 6.919388999999999748e-03 -7.662986200313618435e-01 2.004972000000000004e-02 9.997972999999999999e-01 1.825343000000000104e-03 -6.053360837086469104e+00 -6.954606999999999803e-03 -1.686198999999999988e-03 9.999744000000000410e-01 3.935096409947423126e+02
9.998148999999999509e-01 -1.813299000000000161e-02 6.434411999999999597e-03 -7.662986200313618435e-01 1.813719000000000095e-02 9.998352999999999824e-01 -5.943429999999999980e-04 -6.053360837086469104e+00 -6.422574999999999812e-03 7.109357000000000176e-04 9.999791000000000096e-01 3.935096409947423126e+02
9.998753000000000224e-01 -1.463466000000000072e-02 5.933088999999999898e-03 -7.662986200313618435e-01 1.465565999999999917e-02 9.998863999999999530e-01 -3.510450000000000029e-03 -6.053360837086469104e+00 -5.881041000000000046e-03 3.596966000000000052e-03 9.999761999999999817e-01 3.935096409947423126e+02
9.999362000000000528e-01 -9.733293999999999974e-03 5.740251000000000034e-03 -7.662986200313618435e-01 9.761014999999999622e-03 9.999407000000000156e-01 -4.820709000000000279e-03 -6.053360837086469104e+00 -5.692988999999999862e-03 4.876431999999999989e-03 9.999719000000000246e-01 3.935096409947423126e+02
9.999685999999999853e-01 -5.143146000000000349e-03 6.037006999999999617e-03 -7.662986200313618435e-01 5.167231000000000428e-03 9.999786999999999981e-01 -3.980535000000000323e-03 -6.053360837086469104e+00 -6.016406000000000184e-03 4.011604999999999685e-03 9.999738999999999711e-01 3.935096409947423126e+02
9.999767999999999990e-01 -1.828107999999999947e-03 6.567233999999999919e-03 -7.662986200313618435e-01 1.838035000000000016e-03 9.999972000000000305e-01 -1.505772999999999964e-03 -6.053360837086469104e+00 -6.564463000000000416e-03 1.517810000000000079e-03 9.999772999999999579e-01 3.935096409947423126e+02
9.999765000000000459e-01 -1.477610000000000078e-03 6.696020999999999918e-03 -7.662986200313618435e-01 1.474494999999999929e-03 9.999987999999999655e-01 4.701384999999999982e-04 -6.053360837086469104e+00 -6.696708000000000001e-03 -4.602534000000000139e-04 9.999774999999999636e-01 3.935096409947423126e+02
9.999730999999999481e-01 -4.339593000000000096e-03 5.909489999999999882e-03 -7.662986200313618435e-01 4.328926000000000301e-03 9.999890000000000168e-01 1.816911999999999954e-03 -6.053360837086469104e+00 -5.917308999999999937e-03 -1.791279999999999912e-03 9.999808999999999504e-01 3.935096409947423126e+02
9.999673000000000034e-01 -6.892798999999999801e-03 4.231974000000000326e-03 -7.662986200313618435e-01 6.885778000000000384e-03 9.999748999999999999e-01 1.671888000000000063e-03 -6.053360837086469104e+00 -4.243392000000000344e-03 -1.642692000000000067e-03 9.999896999999999814e-01 3.935096409947423126e+02
9.999708999999999959e-01 -7.309297000000000190e-03 2.170146999999999875e-03 -7.662986200313618435e-01 7.314585000000000184e-03 9.999702999999999786e-01 -2.437949999999999926e-03 -6.053360837086469104e+00 -2.152263000000000179e-03 2.453752999999999924e-03 9.999947000000000141e-01 3.935096409947423126e+02
9.999803000000000441e-01 -6.249158000000000317e-03 6.762724000000000339e-04 -7.662986200313618435e-01 6.253708000000000183e-03 9.999563000000000201e-01 -6.947884999999999998e-03 -6.053360837086469104e+00 -6.328240999999999641e-04 6.951976000000000336e-03 9.999755999999999645e-01 3.935096409947423126e+02
9.999989000000000239e-01 -1.472009999999999942e-03 7.625144000000000258e-05 -7.662986200313618435e-01 1.472564999999999898e-03 9.999679000000000206e-01 -7.868715000000000084e-03 -6.053360837086469104e+00 -6.466580999999999404e-05 7.868819000000000854e-03 9.999689999999999968e-01 3.935096409947423126e+02
9.999966000000000133e-01 2.593231000000000095e-03 -4.985570999999999840e-05 -7.662986200313618435e-01 -2.593499999999999885e-03 9.999755999999999645e-01 -6.476319000000000346e-03 -6.053360837086469104e+00 3.306026000000000320e-05 6.476426000000000405e-03 9.999789999999999512e-01 3.935096409947423126e+02
9.999907000000000101e-01 4.303533000000000011e-03 2.334260000000000111e-04 -7.662986200313618435e-01 -4.302714000000000018e-03 9.999848999999999544e-01 -3.405585999999999943e-03 -6.053360837086469104e+00 -2.480782000000000061e-04 3.404550000000000111e-03 9.999942000000000553e-01 3.935096409947423126e+02
9.999867999999999535e-01 5.091028000000000046e-03 6.512882999999999693e-04 -7.662986200313618435e-01 -5.090223999999999964e-03 9.999862999999999946e-01 -1.231497000000000017e-03 -6.053360837086469104e+00 -6.575487000000000085e-04 1.228165999999999937e-03 9.999989999999999712e-01 3.935096409947423126e+02
9.999898000000000398e-01 4.448721999999999573e-03 7.330862999999999746e-04 -7.662986200313618435e-01 -4.448417999999999990e-03 9.999900000000000455e-01 -4.171905000000000166e-04 -6.053360837086469104e+00 -7.349346000000000090e-04 4.139257999999999935e-04 9.999997000000000469e-01 3.935096409947423126e+02
9.999953999999999787e-01 2.954009999999999969e-03 6.755491999999999660e-04 -7.662986200313618435e-01 -2.954257000000000064e-03 9.999955000000000371e-01 3.634326999999999805e-04 -6.053360837086469104e+00 -6.744722999999999561e-04 -3.654260000000000212e-04 9.999997000000000469e-01 3.935096409947423126e+02
9.999997000000000469e-01 3.667254000000000108e-04 6.633029999999999612e-04 -7.662986200313618435e-01 -3.672562999999999891e-04 9.999995999999999885e-01 8.003940999999999877e-04 -6.053360837086469104e+00 -6.630088999999999601e-04 -8.006365999999999570e-04 9.999995000000000411e-01 3.935096409947423126e+02
9.999968000000000190e-01 -2.296785999999999880e-03 1.039530000000000098e-03 -7.662986200313618435e-01 2.295943999999999850e-03 9.999970000000000248e-01 8.102724999999999641e-04 -6.053360837086469104e+00 -1.041386999999999955e-03 -8.078824000000000291e-04 9.999991000000000296e-01 3.935096409947423126e+02
9.999850999999999601e-01 -5.294323000000000085e-03 1.369556999999999979e-03 -7.662986200313618435e-01 5.291892999999999771e-03 9.999843999999999955e-01 1.772738000000000048e-03 -6.053360837086469104e+00 -1.378920000000000059e-03 -1.765463000000000102e-03 9.999974999999999836e-01 3.935096409947423126e+02
9.999546000000000268e-01 -9.368606999999999282e-03 1.771587000000000032e-03 -7.662986200313618435e-01 9.362221000000000432e-03 9.999497000000000524e-01 3.580279000000000014e-03 -6.053360837086469104e+00 -1.805039999999999943e-03 -3.563529000000000176e-03 9.999919999999999920e-01 3.935096409947423126e+02
9.999160000000000270e-01 -1.280486999999999945e-02 1.997356999999999952e-03 -7.662986200313618435e-01 1.279758999999999931e-02 9.999114999999999531e-01 3.617324999999999794e-03 -6.053360837086469104e+00 -2.043500000000000177e-03 -3.591458000000000064e-03 9.999915000000000331e-01 3.935096409947423126e+02
9.999375999999999820e-01 -1.094347000000000028e-02 2.233356000000000143e-03 -7.662986200313618435e-01 1.094485000000000076e-02 9.999398999999999926e-01 -6.040286999999999653e-04 -6.053360837086469104e+00 -2.226612000000000209e-03 6.284354000000000242e-04 9.999972999999999779e-01 3.935096409947423126e+02
9.999865999999999477e-01 -4.404759999999999752e-03 2.705776999999999922e-03 -7.662986200313618435e-01 4.421523999999999593e-03 9.999708999999999959e-01 -6.220737999999999962e-03 -6.053360837086469104e+00 -2.678297000000000056e-03 6.232617999999999665e-03 9.999770000000000048e-01 3.935096409947423126e+02
9.999803000000000441e-01 4.937679000000000373e-03 3.867005000000000182e-03 -7.662986200313618435e-01 -4.911557999999999896e-03 9.999651999999999985e-01 -6.735800999999999594e-03 -6.053360837086469104e+00 -3.900129000000000009e-03 6.716675000000000076e-03 9.999698000000000198e-01 3.935096409947423126e+02
9.998989000000000349e-01 1.319128999999999961e-02 5.303121000000000050e-03 -7.662986200313618435e-01 -1.317803000000000030e-02 9.999099000000000181e-01 -2.527296999999999964e-03 -6.053360837086469104e+00 -5.335981000000000057e-03 2.457157000000000178e-03 9.999827999999999495e-01 3.935096409947423126e+02
9.998740000000000405e-01 1.466148999999999925e-02 6.089231999999999978e-03 -7.662986200313618435e-01 -1.466091999999999916e-02 9.998924999999999619e-01 -1.386889999999999998e-04 -6.053360837086469104e+00 -6.090611000000000115e-03 4.939844000000000065e-05 9.999814999999999676e-01 3.935096409947423126e+02
9.999048999999999854e-01 1.262628000000000014e-02 5.556507999999999933e-03 -7.662986200313618435e-01 -1.262550999999999951e-02 9.999202999999999841e-01 -1.752366999999999955e-04 -6.053360837086469104e+00 -5.558277999999999830e-03 1.050668999999999952e-04 9.999846000000000013e-01 3.935096409947423126e+02
9.999449000000000254e-01 9.535333000000000003e-03 4.390271999999999751e-03 -7.662986200313618435e-01 -9.534934000000000118e-03 9.999544999999999684e-01 -1.122393999999999947e-04 -6.053360837086469104e+00 -4.391141999999999788e-03 7.037295999999999580e-05 9.999903999999999460e-01 3.935096409947423126e+02
9.999698000000000198e-01 7.056709000000000419e-03 3.265356999999999982e-03 -7.662986200313618435e-01 -7.056162999999999845e-03 9.999751000000000056e-01 -1.791659999999999987e-04 -6.053360837086469104e+00 -3.266540000000000069e-03 1.561203999999999901e-04 9.999947000000000141e-01 3.935096409947423126e+02
9.999687000000000436e-01 7.421206999999999977e-03 2.746367999999999900e-03 -7.662986200313618435e-01 -7.418334999999999860e-03 9.999719000000000246e-01 -1.054971999999999941e-03 -6.053360837086469104e+00 -2.754120000000000092e-03 1.034566000000000001e-03 9.999957000000000429e-01 3.935096409947423126e+02
9.999571999999999905e-01 8.865968000000000113e-03 2.639868000000000076e-03 -7.662986200313618435e-01 -8.863572999999999591e-03 9.999603000000000241e-01 -9.180180999999999715e-04 -6.053360837086469104e+00 -2.647902000000000155e-03 8.945806999999999847e-04 9.999961000000000544e-01 3.935096409947423126e+02
9.999457000000000484e-01 1.011606999999999958e-02 2.524498000000000020e-03 -7.662986200313618435e-01 -1.011626000000000018e-02 9.999487999999999710e-01 6.078905000000000034e-05 -6.053360837086469104e+00 -2.523753000000000107e-03 -8.632351000000000184e-05 9.999968000000000190e-01 3.935096409947423126e+02
9.999519999999999520e-01 9.528195999999999194e-03 2.287636999999999917e-03 -7.662986200313618435e-01 -9.528055000000000552e-03 9.999546000000000268e-01 -7.338614000000000140e-05 -6.053360837086469104e+00 -2.288231999999999853e-03 5.158657000000000303e-05 9.999974000000000363e-01 3.935096409947423126e+02
9.999567000000000316e-01 9.109499000000000068e-03 1.882098000000000017e-03 -7.662986200313618435e-01 -9.106736000000000691e-03 9.999573999999999963e-01 -1.472664999999999955e-03 -6.053360837086469104e+00 -1.895432999999999970e-03 1.455462000000000032e-03 9.999972000000000305e-01 3.935096409947423126e+02
9.999635999999999525e-01 8.359214999999999701e-03 1.687675999999999933e-03 -7.662986200313618435e-01 -8.356573000000000820e-03 9.999637999999999582e-01 -1.567356999999999908e-03 -6.053360837086469104e+00 -1.700717000000000027e-03 1.553197000000000084e-03 9.999974000000000363e-01 3.935096409947423126e+02
9.999613000000000529e-01 8.710908999999999319e-03 1.240725999999999938e-03 -7.662986200313618435e-01 -8.709395999999999458e-03 9.999613000000000529e-01 -1.221145000000000086e-03 -6.053360837086469104e+00 -1.251315000000000023e-03 1.210291999999999965e-03 9.999985000000000124e-01 3.935096409947423126e+02
9.999614000000000003e-01 8.743634999999999602e-03 8.939218000000000511e-04 -7.662986200313618435e-01 -8.742048000000000527e-03 9.999601999999999657e-01 -1.766652000000000066e-03 -6.053360837086469104e+00 -9.093328999999999822e-04 1.758769000000000087e-03 9.999980000000000535e-01 3.935096409947423126e+02
9.999611000000000471e-01 8.794204999999999384e-03 6.937191000000000104e-04 -7.662986200313618435e-01 -8.792777999999999358e-03 9.999592000000000480e-01 -2.036552000000000067e-03 -6.053360837086469104e+00 -7.116003999999999776e-04 2.030374000000000154e-03 9.999976999999999894e-01 3.935096409947423126e+02
9.999510000000000343e-01 9.892701000000000272e-03 3.480350999999999909e-04 -7.662986200313618435e-01 -9.891996999999999596e-03 9.999491000000000351e-01 -1.976625999999999991e-03 -6.053360837086469104e+00 -3.675711999999999816e-04 1.973087000000000105e-03 9.999980000000000535e-01 3.935096409947423126e+02
9.999544999999999684e-01 9.535270999999999678e-03 3.060760999999999967e-06 -7.662986200313618435e-01 -9.535238999999999174e-03 9.999516999999999989e-01 -2.380068999999999848e-03 -6.053360837086469104e+00 -2.575488000000000167e-05 2.379931999999999968e-03 9.999972000000000305e-01 3.935096409947423126e+02
9.999495999999999940e-01 1.003811999999999933e-02 -2.604533999999999821e-04 -7.662986200313618435e-01 -1.003867999999999948e-02 9.999470000000000303e-01 -2.264916999999999972e-03 -6.053360837086469104e+00 2.377043999999999869e-04 2.267418000000000211e-03 9.999974000000000363e-01 3.935096409947423126e+02
9.999586000000000308e-01 9.094605999999999871e-03 -3.650913999999999787e-04 -7.662986200313618435e-01 -9.095364999999999353e-03 9.999563000000000201e-01 -2.127618999999999864e-03 -6.053360837086469104e+00 3.457259999999999760e-04 2.130851999999999920e-03 9.999976999999999894e-01 3.935096409947423126e+02
9.999692000000000025e-01 7.840322000000000263e-03 -2.576861000000000060e-04 -7.662986200313618435e-01 -7.841005999999999324e-03 9.999654000000000043e-01 -2.764804000000000046e-03 -6.053360837086469104e+00 2.360006000000000050e-04 2.766740000000000171e-03 9.999962000000000018e-01 3.935096409947423126e+02
9.999774999999999636e-01 6.708943999999999672e-03 -8.900664999999999933e-05 -7.662986200313618435e-01 -6.709141000000000063e-03 9.999746000000000468e-01 -2.414916999999999932e-03 -6.053360837086469104e+00 7.280319000000000048e-05 2.415459999999999916e-03 9.999970999999999721e-01 3.935096409947423126e+02
9.999869000000000119e-01 5.120322000000000068e-03 1.128453000000000019e-04 -7.662986200313618435e-01 -5.120127999999999832e-03 9.999854999999999716e-01 -1.666319000000000090e-03 -6.053360837086469104e+00 -1.213753999999999967e-04 1.665718999999999967e-03 9.999985999999999597e-01 3.935096409947423126e+02
9.999877000000000349e-01 4.961834000000000036e-03 1.048822000000000036e-04 -7.662986200313618435e-01 -4.961702000000000126e-03 9.999869000000000119e-01 -1.231555000000000063e-03 -6.053360837086469104e+00 -1.109911999999999954e-04 1.231019999999999988e-03 9.999991999999999770e-01 3.935096409947423126e+02
9.999858000000000358e-01 5.337975000000000012e-03 2.022158999999999895e-05 -7.662986200313618435e-01 -5.337943000000000375e-03 9.999848000000000070e-01 -1.389784000000000028e-03 -6.053360837086469104e+00 -2.763958000000000075e-05 1.389655999999999964e-03 9.999989999999999712e-01 3.935096409947423126e+02
9.999818000000000318e-01 6.028186999999999955e-03 2.363444999999999934e-04 -7.662986200313618435e-01 -6.027547000000000287e-03 9.999784000000000450e-01 -2.625310999999999964e-03 -6.053360837086469104e+00 -2.521649000000000156e-04 2.623837999999999865e-03 9.999964999999999549e-01 3.935096409947423126e+02
9.999730999999999481e-01 7.300761000000000230e-03 7.680277000000000328e-04 -7.662986200313618435e-01 -7.299344000000000145e-03 9.999717000000000189e-01 -1.833168000000000037e-03 -6.053360837086469104e+00 -7.813890999999999892e-04 1.827513000000000011e-03 9.999980000000000535e-01 3.935096409947423126e+02
9.999700000000000255e-01 7.615056000000000255e-03 1.421636999999999901e-03 -7.662986200313618435e-01 -7.615901999999999915e-03 9.999708000000000485e-01 5.892761999999999740e-04 -6.053360837086469104e+00 -1.417108000000000039e-03 -6.000848000000000250e-04 9.999987999999999655e-01 3.935096409947423126e+02
9.999711999999999490e-01 7.345182999999999920e-03 1.934961999999999923e-03 -7.662986200313618435e-01 -7.347076000000000127e-03 9.999725000000000419e-01 9.725280999999999900e-04 -6.053360837086469104e+00 -1.927764999999999904e-03 -9.867154999999999416e-04 9.999976999999999894e-01 3.935096409947423126e+02
9.999683000000000321e-01 7.596371000000000200e-03 2.404236000000000133e-03 -7.662986200313618435e-01 -7.594896000000000286e-03 9.999708999999999959e-01 -6.227481999999999679e-04 -6.053360837086469104e+00 -2.408896000000000214e-03 6.044690999999999823e-04 9.999968999999999664e-01 3.935096409947423126e+02
9.999670000000000503e-01 7.564991000000000076e-03 2.950397999999999910e-03 -7.662986200313618435e-01 -7.559141000000000124e-03 9.999694000000000083e-01 -1.989575999999999845e-03 -6.053360837086469104e+00 -2.965358999999999877e-03 1.967207999999999804e-03 9.999936999999999854e-01 3.935096409947423126e+02
9.999578000000000078e-01 8.594223999999999267e-03 3.260437000000000144e-03 -7.662986200313618435e-01 -8.589249999999999663e-03 9.999618999999999591e-01 -1.537156999999999933e-03 -6.053360837086469104e+00 -3.273522999999999971e-03 1.509088000000000009e-03 9.999934999999999796e-01 3.935096409947423126e+02
9.999616999999999534e-01 8.101686999999999778e-03 3.326840000000000179e-03 -7.662986200313618435e-01 -8.099746999999999156e-03 9.999670000000000503e-01 -5.968841000000000337e-04 -6.053360837086469104e+00 -3.331566000000000215e-03 5.699152000000000081e-04 9.999943000000000026e-01 3.935096409947423126e+02
9.999620000000000175e-01 8.179631999999999181e-03 3.022564000000000153e-03 -7.662986200313618435e-01 -8.180107000000000697e-03 9.999664999999999804e-01 1.440039000000000054e-04 -6.053360837086469104e+00 -3.021284999999999856e-03 -1.687225999999999895e-04 9.999953999999999787e-01 3.935096409947423126e+02
9.999599000000000126e-01 8.505824000000000371e-03 2.798118000000000046e-03 -7.662986200313618435e-01 -8.507186999999999388e-03 9.999637000000000109e-01 4.745748999999999953e-04 -6.053360837086469104e+00 -2.793978999999999820e-03 -4.983592000000000447e-04 9.999959999999999960e-01 3.935096409947423126e+02
9.999462999999999546e-01 9.971468000000000692e-03 2.839532000000000080e-03 -7.662986200313618435e-01 -9.973121999999999196e-03 9.999500999999999529e-01 5.680798000000000358e-04 -6.053360837086469104e+00 -2.833725999999999953e-03 -5.963674000000000188e-04 9.999957999999999902e-01 3.935096409947423126e+02
9.999354000000000298e-01 1.095120999999999942e-02 3.044268000000000148e-03 -7.662986200313618435e-01 -1.095307000000000051e-02 9.999398000000000453e-01 5.963360000000000449e-04 -6.053360837086469104e+00 -3.037554000000000035e-03 -6.296408000000000517e-04 9.999951999999999730e-01 3.935096409947423126e+02
9.999289999999999567e-01 1.155157000000000059e-02 2.931934000000000189e-03 -7.662986200313618435e-01 -1.155343999999999989e-02 9.999329999999999607e-01 6.206595999999999554e-04 -6.053360837086469104e+00 -2.924567999999999786e-03 -6.544886000000000410e-04 9.999955000000000371e-01 3.935096409947423126e+02
9.999459000000000541e-01 9.972902999999999976e-03 2.944504000000000132e-03 -7.662986200313618435e-01 -9.975714000000000109e-03 9.999497999999999998e-01 9.406382000000000024e-04 -6.053360837086469104e+00 -2.934974999999999824e-03 -9.699599999999999628e-04 9.999951999999999730e-01 3.935096409947423126e+02
9.999599999999999600e-01 8.473833999999999533e-03 2.849623999999999820e-03 -7.662986200313618435e-01 -8.479116000000000083e-03 9.999622999999999706e-01 1.846163999999999965e-03 -6.053360837086469104e+00 -2.833873000000000208e-03 -1.870251000000000075e-03 9.999942000000000553e-01 3.935096409947423126e+02
9.999797999999999742e-01 5.649028999999999856e-03 2.911617999999999932e-03 -7.662986200313618435e-01 -5.657373999999999736e-03 9.999799000000000326e-01 2.865668000000000035e-03 -6.053360837086469104e+00 -2.895370999999999882e-03 -2.882080999999999879e-03 9.999917000000000389e-01 3.935096409947423126e+02
9.999881999999999938e-01 4.111334000000000342e-03 2.589961999999999907e-03 -7.662986200313618435e-01 -4.116749999999999750e-03 9.999892999999999699e-01 2.088631999999999989e-03 -6.053360837086469104e+00 -2.581347999999999802e-03 -2.099268999999999961e-03 9.999945000000000084e-01 3.935096409947423126e+02
9.999932000000000265e-01 2.887470999999999961e-03 2.307491999999999963e-03 -7.662986200313618435e-01 -2.889039999999999837e-03 9.999955999999999845e-01 6.765814999999999460e-04 -6.053360837086469104e+00 -2.305527999999999831e-03 -6.832423999999999486e-04 9.999970999999999721e-01 3.935096409947423126e+02
9.999953999999999787e-01 9.355650999999999985e-04 2.883661999999999944e-03 -7.662986200313618435e-01 -9.427295999999999940e-04 9.999964000000000075e-01 2.484077999999999807e-03 -6.053360837086469104e+00 -2.881327999999999841e-03 -2.486784000000000130e-03 9.999928000000000150e-01 3.935096409947423126e+02
9.999945000000000084e-01 -1.234138999999999874e-04 3.329163000000000001e-03 -7.662986200313618435e-01 1.067288999999999938e-04 9.999873999999999707e-01 5.011497999999999647e-03 -6.053360837086469104e+00 -3.329739999999999870e-03 -5.011113999999999673e-03 9.999818999999999791e-01 3.935096409947423126e+02
9.999919000000000446e-01 -2.066104999999999938e-03 3.459414000000000065e-03 -7.662986200313618435e-01 2.052234000000000003e-03 9.999898000000000398e-01 4.008458999999999807e-03 -6.053360837086469104e+00 -3.467660000000000013e-03 -4.001325000000000021e-03 9.999860000000000415e-01 3.935096409947423126e+02
9.999886999999999526e-01 -2.908689999999999800e-03 3.750876000000000210e-03 -7.662986200313618435e-01 2.899427999999999901e-03 9.999926999999999566e-01 2.472455000000000139e-03 -6.053360837086469104e+00 -3.758039999999999818e-03 -2.461551000000000190e-03 9.999898999999999871e-01 3.935096409947423126e+02
9.999884999999999469e-01 -1.938030999999999998e-03 4.395994000000000290e-03 -7.662986200313618435e-01 1.927536000000000093e-03 9.999953000000000314e-01 2.390466999999999852e-03 -6.053360837086469104e+00 -4.400605999999999615e-03 -2.381965000000000211e-03 9.999875000000000291e-01 3.935096409947423126e+02
9.999848999999999544e-01 -4.661323999999999893e-04 5.479803000000000104e-03 -7.662986200313618435e-01 4.509531999999999907e-04 9.999959999999999960e-01 2.770953000000000045e-03 -6.053360837086469104e+00 -5.481073000000000368e-03 -2.768439000000000143e-03 9.999812000000000145e-01 3.935096409947423126e+02
9.999784999999999924e-01 1.232933000000000076e-03 6.440203000000000247e-03 -7.662986200313618435e-01 -1.248098000000000003e-03 9.999964000000000075e-01 2.351180000000000023e-03 -6.053360837086469104e+00 -6.437281000000000426e-03 -2.359167000000000122e-03 9.999765000000000459e-01 3.935096409947423126e+02
9.999696999999999614e-01 2.424588999999999998e-03 7.402642000000000076e-03 -7.662986200313618435e-01 -2.441393000000000035e-03 9.999943999999999500e-01 2.261700000000000169e-03 -6.053360837086469104e+00 -7.397116999999999928e-03 -2.279703000000000111e-03 9.999700999999999729e-01 3.935096409947423126e+02
9.999614000000000003e-01 3.182729000000000027e-03 8.193149000000000265e-03 -7.662986200313618435e-01 -3.198390000000000174e-03 9.999930999999999681e-01 1.899045000000000030e-03 -6.053360837086469104e+00 -8.187048000000000589e-03 -1.925175000000000107e-03 9.999645999999999813e-01 3.935096409947423126e+02
9.999529999999999808e-01 3.540241999999999868e-03 9.029623000000000510e-03 -7.662986200313618435e-01 -3.552062999999999835e-03 9.999928000000000150e-01 1.293326999999999932e-03 -6.053360837086469104e+00 -9.024980000000000155e-03 -1.325339000000000031e-03 9.999584000000000250e-01 3.935096409947423126e+02
9.999460999999999489e-01 3.002326000000000040e-03 9.935417000000000207e-03 -7.662986200313618435e-01 -3.010759999999999912e-03 9.999951000000000256e-01 8.339534000000000443e-04 -6.053360837086469104e+00 -9.932865000000000791e-03 -8.638208000000000084e-04 9.999502999999999586e-01 3.935096409947423126e+02
9.999390999999999696e-01 2.412081999999999855e-03 1.077454000000000085e-02 -7.662986200313618435e-01 -2.422969000000000078e-03 9.999964999999999549e-01 9.974198000000000959e-04 -6.053360837086469104e+00 -1.077209999999999973e-02 -1.023463999999999971e-03 9.999415000000000386e-01 3.935096409947423126e+02
9.999325000000000019e-01 1.490615000000000039e-03 1.152157000000000008e-02 -7.662986200313618435e-01 -1.517342999999999990e-03 9.999962000000000018e-01 2.311413000000000009e-03 -6.053360837086469104e+00 -1.151807999999999998e-02 -2.328737999999999902e-03 9.999310000000000143e-01 3.935096409947423126e+02
9.999295999999999740e-01 6.994983999999999501e-05 1.186441000000000058e-02 -7.662986200313618435e-01 -1.024084000000000002e-04 9.999962000000000018e-01 2.735204000000000194e-03 -6.053360837086469104e+00 -1.186417000000000027e-02 -2.736226000000000023e-03 9.999259000000000341e-01 3.935096409947423126e+02
9.999287000000000036e-01 -5.783054000000000146e-04 1.192679999999999955e-02 -7.662986200313618435e-01 5.738057999999999874e-04 9.999997000000000469e-01 3.807036000000000187e-04 -6.053360837086469104e+00 -1.192701999999999998e-02 -3.738320999999999745e-04 9.999287999999999510e-01 3.935096409947423126e+02
9.999318999999999846e-01 -1.492295000000000036e-03 1.157237000000000023e-02 -7.662986200313618435e-01 1.517665000000000073e-03 9.999964000000000075e-01 -2.183830999999999793e-03 -6.053360837086469104e+00 -1.156907000000000074e-02 2.201245000000000111e-03 9.999306999999999501e-01 3.935096409947423126e+02
9.999417999999999918e-01 -1.171813000000000065e-03 1.072947999999999957e-02 -7.662986200313618435e-01 1.198557000000000051e-03 9.999962000000000018e-01 -2.486477999999999865e-03 -6.053360837086469104e+00 -1.072651999999999980e-02 2.499192999999999814e-03 9.999394000000000338e-01 3.935096409947423126e+02
9.999459000000000541e-01 -2.783387999999999921e-03 1.002136999999999993e-02 -7.662986200313618435e-01 2.801632999999999988e-03 9.999943999999999500e-01 -1.806981999999999946e-03 -6.053360837086469104e+00 -1.001629000000000061e-02 1.834960999999999971e-03 9.999481999999999537e-01 3.935096409947423126e+02
9.999557999999999502e-01 -2.681787000000000146e-03 9.007871000000000627e-03 -7.662986200313618435e-01 2.703689000000000005e-03 9.999934000000000323e-01 -2.419994999999999872e-03 -6.053360837086469104e+00 -9.001322000000000836e-03 2.444243000000000023e-03 9.999565000000000259e-01 3.935096409947423126e+02
9.999614000000000003e-01 -2.412033999999999966e-03 8.447233000000000172e-03 -7.662986200313618435e-01 2.434845000000000152e-03 9.999934000000000323e-01 -2.691087999999999900e-03 -6.053360837086469104e+00 -8.440685999999999328e-03 2.711551999999999886e-03 9.999607000000000356e-01 3.935096409947423126e+02
9.999673000000000034e-01 -2.373487000000000079e-03 7.737565000000000068e-03 -7.662986200313618435e-01 2.390448999999999786e-03 9.999947000000000141e-01 -2.183543000000000029e-03 -6.053360837086469104e+00 -7.732341999999999688e-03 2.201967999999999894e-03 9.999677000000000149e-01 3.935096409947423126e+02
9.999723000000000361e-01 -2.819611999999999986e-03 6.887209000000000039e-03 -7.662986200313618435e-01 2.832591000000000189e-03 9.999942000000000553e-01 -1.875371999999999933e-03 -6.053360837086469104e+00 -6.881881000000000283e-03 1.894829000000000001e-03 9.999744999999999884e-01 3.935096409947423126e+02
9.999768999999999464e-01 -3.466836999999999957e-03 5.851379000000000302e-03 -7.662986200313618435e-01 3.473313999999999915e-03 9.999932999999999739e-01 -1.096977000000000065e-03 -6.053360837086469104e+00 -5.847536999999999874e-03 1.117275999999999946e-03 9.999822999999999906e-01 3.935096409947423126e+02
9.999841999999999897e-01 -1.884747999999999892e-03 5.291488999999999915e-03 -7.662986200313618435e-01 1.882308000000000071e-03 9.999981000000000009e-01 4.661425999999999981e-04 -6.053360837086469104e+00 -5.292357999999999611e-03 -4.561742000000000141e-04 9.999858999999999831e-01 3.935096409947423126e+02
9.999814999999999676e-01 -1.358134999999999898e-03 5.923152999999999578e-03 -7.662986200313618435e-01 1.352001000000000027e-03 9.999985000000000124e-01 1.039545000000000009e-03 -6.053360837086469104e+00 -5.924556000000000093e-03 -1.031517000000000024e-03 9.999818999999999791e-01 3.935096409947423126e+02
9.999759000000000286e-01 -7.817355000000000441e-04 6.894868000000000177e-03 -7.662986200313618435e-01 7.782359000000000412e-04 9.999995000000000411e-01 5.102687000000000498e-04 -6.053360837086469104e+00 -6.895263999999999907e-03 -5.048897999999999581e-04 9.999761000000000344e-01 3.935096409947423126e+02
9.999713999999999547e-01 -2.066170999999999893e-03 7.276387999999999953e-03 -7.662986200313618435e-01 2.065775000000000163e-03 9.999978000000000478e-01 6.192162999999999552e-05 -6.053360837086469104e+00 -7.276499999999999982e-03 -4.688778000000000054e-05 9.999734999999999596e-01 3.935096409947423126e+02
9.999651000000000511e-01 -3.784307000000000209e-03 7.453066000000000378e-03 -7.662986200313618435e-01 3.790433000000000170e-03 9.999924999999999509e-01 -8.078684000000000255e-04 -6.053360837086469104e+00 -7.449952000000000137e-03 8.360909999999999610e-04 9.999719000000000246e-01 3.935096409947423126e+02
9.999552000000000440e-01 -5.428676999999999808e-03 7.758260999999999803e-03 -7.662986200313618435e-01 5.450080000000000376e-03 9.999814000000000203e-01 -2.740138000000000035e-03 -6.053360837086469104e+00 -7.743240999999999666e-03 2.782298999999999797e-03 9.999662000000000273e-01 3.935096409947423126e+02
9.999536999999999454e-01 -5.687325000000000019e-03 7.763489000000000154e-03 -7.662986200313618435e-01 5.716383000000000228e-03 9.999767000000000516e-01 -3.725646999999999900e-03 -6.053360837086469104e+00 -7.742119000000000431e-03 3.769853000000000093e-03 9.999628999999999879e-01 3.935096409947423126e+02
9.999708000000000485e-01 -5.147093999999999628e-03 5.644396999999999782e-03 -7.662986200313618435e-01 5.173322000000000163e-03 9.999757999999999702e-01 -4.641741999999999917e-03 -6.053360837086469104e+00 -5.620369000000000059e-03 4.670806999999999910e-03 9.999732999999999539e-01 3.935096409947423126e+02
9.999850000000000128e-01 -4.221316000000000131e-03 3.496669999999999900e-03 -7.662986200313618435e-01 4.236102999999999744e-03 9.999820000000000375e-01 -4.231981000000000111e-03 -6.053360837086469104e+00 -3.478742999999999853e-03 4.246729999999999776e-03 9.999848999999999544e-01 3.935096409947423126e+02
9.999921999999999978e-01 -2.484768000000000046e-03 3.084130000000000031e-03 -7.662986200313618435e-01 2.488109000000000067e-03 9.999962999999999491e-01 -1.079635999999999920e-03 -6.053360837086469104e+00 -3.081435999999999897e-03 1.087300999999999936e-03 9.999947000000000141e-01 3.935096409947423126e+02
9.999867000000000061e-01 -3.716960999999999963e-03 3.583982999999999787e-03 -7.662986200313618435e-01 3.709067999999999827e-03 9.999907000000000101e-01 2.206629999999999790e-03 -6.053360837086469104e+00 -3.592151000000000025e-03 -2.193305999999999902e-03 9.999911999999999690e-01 3.935096409947423126e+02
9.999814999999999676e-01 -4.767094000000000366e-03 3.790247000000000061e-03 -7.662986200313618435e-01 4.755539999999999941e-03 9.999839999999999840e-01 3.051853000000000204e-03 -6.053360837086469104e+00 -3.804734000000000154e-03 -3.033771000000000211e-03 9.999881999999999938e-01 3.935096409947423126e+02
9.999725000000000419e-01 -6.194818000000000373e-03 4.072382999999999732e-03 -7.662986200313618435e-01 6.187770000000000423e-03 9.999793000000000154e-01 1.741228999999999954e-03 -6.053360837086469104e+00 -4.083085999999999660e-03 -1.715981000000000103e-03 9.999902000000000513e-01 3.935096409947423126e+02
9.999660000000000215e-01 -6.964861000000000142e-03 4.412163000000000196e-03 -7.662986200313618435e-01 6.957070000000000094e-03 9.999742000000000353e-01 1.779037999999999930e-03 -6.053360837086469104e+00 -4.424439999999999970e-03 -1.748280000000000060e-03 9.999886999999999526e-01 3.935096409947423126e+02
9.999660000000000215e-01 -6.841179999999999657e-03 4.609290999999999736e-03 -7.662986200313618435e-01 6.831104999999999643e-03 9.999742000000000353e-01 2.198320000000000135e-03 -6.053360837086469104e+00 -4.624210999999999600e-03 -2.166757999999999965e-03 9.999869999999999592e-01 3.935096409947423126e+02
9.999626999999999821e-01 -6.976154000000000036e-03 5.098733000000000258e-03 -7.662986200313618435e-01 6.966044999999999703e-03 9.999736999999999654e-01 1.998024000000000154e-03 -6.053360837086469104e+00 -5.112537999999999805e-03 -1.962429999999999817e-03 9.999850000000000128e-01 3.935096409947423126e+02
9.999691000000000551e-01 -5.531857999999999741e-03 5.582557000000000144e-03 -7.662986200313618435e-01 5.524152000000000055e-03 9.999837000000000309e-01 1.395065999999999928e-03 -6.053360837086469104e+00 -5.590183999999999778e-03 -1.364182999999999932e-03 9.999835000000000251e-01 3.935096409947423126e+02
9.999692000000000025e-01 -4.739913000000000112e-03 6.254822999999999633e-03 -7.662986200313618435e-01 4.736022000000000322e-03 9.999886000000000053e-01 6.369864000000000038e-04 -6.053360837086469104e+00 -6.257770999999999646e-03 -6.073429999999999888e-04 9.999801999999999857e-01 3.935096409947423126e+02
9.999576000000000020e-01 -5.867212999999999595e-03 7.096037999999999825e-03 -7.662986200313618435e-01 5.850059000000000335e-03 9.999799000000000326e-01 2.435870000000000136e-03 -6.053360837086469104e+00 -7.110187999999999925e-03 -2.394254000000000174e-03 9.999719000000000246e-01 3.935096409947423126e+02
9.999510000000000343e-01 -6.766778000000000202e-03 7.224056999999999874e-03 -7.662986200313618435e-01 6.741272999999999883e-03 9.999710000000000543e-01 3.549351999999999976e-03 -6.053360837086469104e+00 -7.247865000000000037e-03 -3.500477000000000102e-03 9.999675999999999565e-01 3.935096409947423126e+02
9.999441000000000024e-01 -7.988537999999999889e-03 6.922600999999999581e-03 -7.662986200313618435e-01 7.974251999999999382e-03 9.999660000000000215e-01 2.089081999999999918e-03 -6.053360837086469104e+00 -6.939054000000000055e-03 -2.033762000000000156e-03 9.999738999999999711e-01 3.935096409947423126e+02
9.999502000000000113e-01 -7.183819000000000142e-03 6.934728999999999720e-03 -7.662986200313618435e-01 7.168775999999999968e-03 9.999719000000000246e-01 2.191933999999999983e-03 -6.053360837086469104e+00 -6.950280999999999994e-03 -2.142110000000000021e-03 9.999736000000000180e-01 3.935096409947423126e+02
9.999651999999999985e-01 -4.787434000000000134e-03 6.833315999999999869e-03 -7.662986200313618435e-01 4.781851000000000157e-03 9.999881999999999938e-01 8.332573000000000020e-04 -6.053360837086469104e+00 -6.837224999999999726e-03 -8.005516000000000281e-04 9.999763000000000401e-01 3.935096409947423126e+02
9.999749999999999472e-01 -3.571958999999999985e-03 6.109299000000000326e-03 -7.662986200313618435e-01 3.593288000000000038e-03 9.999875000000000291e-01 -3.483711000000000012e-03 -6.053360837086469104e+00 -6.096779000000000087e-03 3.505575999999999831e-03 9.999753000000000114e-01 3.935096409947423126e+02
9.999843000000000481e-01 -1.994183000000000067e-03 5.234120000000000092e-03 -7.662986200313618435e-01 2.006543999999999862e-03 9.999951999999999730e-01 -2.357182000000000201e-03 -6.053360837086469104e+00 -5.229394000000000056e-03 2.367647999999999975e-03 9.999835000000000251e-01 3.935096409947423126e+02
9.999894000000000283e-01 -1.462301000000000052e-03 4.362284000000000127e-03 -7.662986200313618435e-01 1.457657000000000007e-03 9.999983000000000066e-01 1.067779000000000037e-03 -6.053360837086469104e+00 -4.363838000000000092e-03 -1.061408999999999920e-03 9.999898999999999871e-01 3.935096409947423126e+02
9.999945000000000084e-01 -2.826640000000000164e-04 3.299425999999999835e-03 -7.662986200313618435e-01 2.684305999999999910e-04 9.999905999999999517e-01 4.313589999999999959e-03 -6.053360837086469104e+00 -3.300613999999999892e-03 -4.312678999999999818e-03 9.999852999999999659e-01 3.935096409947423126e+02
9.999978000000000478e-01 2.062416999999999874e-04 2.091700000000000156e-03 -7.662986200313618435e-01 -2.126335000000000031e-04 9.999953000000000314e-01 3.056043000000000041e-03 -6.053360837086469104e+00 -2.091059000000000147e-03 -3.056479999999999874e-03 9.999932000000000265e-01 3.935096409947423126e+02
9.999999000000000526e-01 -4.441105999999999895e-04 2.716568000000000043e-04 -7.662986200313618435e-01 4.438341000000000269e-04 9.999993999999999827e-01 1.017490000000000018e-03 -6.053360837086469104e+00 -2.721081999999999776e-04 -1.017368999999999956e-03 9.999995000000000411e-01 3.935096409947423126e+02
9.999976999999999894e-01 -1.439657999999999910e-03 -1.625804999999999915e-03 -7.662986200313618435e-01 1.443852999999999933e-03 9.999955999999999845e-01 2.581640000000000063e-03 -6.053360837086469104e+00 1.622081999999999951e-03 -2.583980000000000044e-03 9.999953999999999787e-01 3.935096409947423126e+02
9.999919000000000446e-01 -3.062605999999999835e-03 -2.625488999999999948e-03 -7.662986200313618435e-01 3.071646999999999832e-03 9.999892999999999699e-01 3.446059000000000015e-03 -6.053360837086469104e+00 2.614907999999999989e-03 -3.454094000000000001e-03 9.999905999999999517e-01 3.935096409947423126e+02
9.999896999999999814e-01 -3.341986999999999822e-03 -3.057511000000000170e-03 -7.662986200313618435e-01 3.349607000000000105e-03 9.999913000000000274e-01 2.490201000000000046e-03 -6.053360837086469104e+00 3.049163000000000134e-03 -2.500416000000000097e-03 9.999921999999999978e-01 3.935096409947423126e+02
9.999865999999999477e-01 -4.006270000000000144e-03 -3.273666000000000163e-03 -7.662986200313618435e-01 4.011489000000000027e-03 9.999907000000000101e-01 1.588781999999999955e-03 -6.053360837086469104e+00 3.267270999999999977e-03 -1.601891999999999943e-03 9.999934000000000323e-01 3.935096409947423126e+02
9.999862999999999946e-01 -4.071347999999999807e-03 -3.294286999999999910e-03 -7.662986200313618435e-01 4.076787000000000119e-03 9.999902999999999986e-01 1.645909999999999995e-03 -6.053360837086469104e+00 3.287555000000000165e-03 -1.659316000000000089e-03 9.999932000000000265e-01 3.935096409947423126e+02
9.999843000000000481e-01 -4.565923999999999851e-03 -3.263315000000000139e-03 -7.662986200313618435e-01 4.570743000000000375e-03 9.999883999999999995e-01 1.470617999999999925e-03 -6.053360837086469104e+00 3.256563000000000079e-03 -1.485509999999999999e-03 9.999936000000000380e-01 3.935096409947423126e+02
9.999810000000000088e-01 -5.215828999999999951e-03 -3.293598999999999919e-03 -7.662986200313618435e-01 5.218714999999999639e-03 9.999860000000000415e-01 8.679440000000000505e-04 -6.053360837086469104e+00 3.289026999999999923e-03 -8.851150000000000120e-04 9.999942000000000553e-01 3.935096409947423126e+02
9.999795999999999685e-01 -5.401737000000000205e-03 -3.418004000000000094e-03 -7.662986200313618435e-01 5.402475000000000332e-03 9.999854000000000243e-01 2.062370999999999909e-04 -6.053360837086469104e+00 3.416840999999999889e-03 -2.246977999999999953e-04 9.999940999999999969e-01 3.935096409947423126e+02
9.999770000000000048e-01 -5.897303999999999914e-03 -3.345776999999999866e-03 -7.662986200313618435e-01 5.899220999999999632e-03 9.999824000000000490e-01 5.628509000000000290e-04 -6.053360837086469104e+00 3.342400000000000145e-03 -5.825747000000000043e-04 9.999943000000000026e-01 3.935096409947423126e+02
9.999797000000000269e-01 -5.468744000000000209e-03 -3.269773000000000124e-03 -7.662986200313618435e-01 5.467335999999999724e-03 9.999848999999999544e-01 -4.395205999999999809e-04 -6.053360837086469104e+00 3.272128000000000016e-03 4.216353999999999849e-04 9.999945999999999557e-01 3.935096409947423126e+02
9.999704999999999844e-01 -6.990989999999999878e-03 -3.199392000000000121e-03 -7.662986200313618435e-01 6.985695000000000099e-03 9.999742000000000353e-01 -1.663811999999999973e-03 -6.053360837086469104e+00 3.210942000000000050e-03 1.641412999999999987e-03 9.999934999999999796e-01 3.935096409947423126e+02
9.999603999999999715e-01 -8.343866999999999604e-03 -3.084171000000000135e-03 -7.662986200313618435e-01 8.343344000000000801e-03 9.999651999999999985e-01 -1.830997000000000115e-04 -6.053360837086469104e+00 3.085591999999999849e-03 1.573607999999999995e-04 9.999951999999999730e-01 3.935096409947423126e+02
9.999447999999999670e-01 -1.000718999999999914e-02 -3.215682999999999996e-03 -7.662986200313618435e-01 1.001034999999999946e-02 9.999493999999999883e-01 9.681152999999999634e-04 -6.053360837086469104e+00 3.205832999999999947e-03 -1.000250999999999961e-03 9.999943999999999500e-01 3.935096409947423126e+02
9.999392999999999754e-01 -1.055761000000000026e-02 -3.163104999999999823e-03 -7.662986200313618435e-01 1.055852000000000006e-02 9.999441999999999497e-01 2.692066999999999919e-04 -6.053360837086469104e+00 3.160085999999999885e-03 -3.025872999999999887e-04 9.999949999999999672e-01 3.935096409947423126e+02
9.999514999999999931e-01 -9.444498000000000823e-03 -2.786077000000000085e-03 -7.662986200313618435e-01 9.442854000000000525e-03 9.999552000000000440e-01 -6.033253999999999614e-04 -6.053360837086469104e+00 2.791651000000000028e-03 5.769882999999999523e-04 9.999959000000000486e-01 3.935096409947423126e+02
9.999696999999999614e-01 -7.434945000000000095e-03 -2.307469999999999834e-03 -7.662986200313618435e-01 7.436476000000000024e-03 9.999721000000000304e-01 6.546483999999999984e-04 -6.053360837086469104e+00 2.302539000000000148e-03 -6.717872000000000383e-04 9.999970999999999721e-01 3.935096409947423126e+02
9.999797999999999742e-01 -6.100116000000000045e-03 -1.805530000000000069e-03 -7.662986200313618435e-01 6.101846999999999653e-03 9.999808999999999504e-01 9.540590999999999742e-04 -6.053360837086469104e+00 1.799676000000000053e-03 -9.650559000000000177e-04 9.999978999999999951e-01 3.935096409947423126e+02
9.999827000000000021e-01 -5.698434999999999959e-03 -1.435321999999999943e-03 -7.662986200313618435e-01 5.699451999999999817e-03 9.999835000000000251e-01 7.046586000000000299e-04 -6.053360837086469104e+00 1.431282999999999991e-03 -7.128262000000000227e-04 9.999987000000000181e-01 3.935096409947423126e+02
9.999820000000000375e-01 -5.879431000000000067e-03 -1.199966999999999917e-03 -7.662986200313618435e-01 5.879325999999999823e-03 9.999827000000000021e-01 -9.211550000000000261e-05 -6.053360837086469104e+00 1.200487999999999989e-03 8.505954999999999777e-05 9.999993000000000354e-01 3.935096409947423126e+02
9.999831999999999610e-01 -5.717950000000000289e-03 -9.178670999999999792e-04 -7.662986200313618435e-01 5.717644000000000025e-03 9.999835999999999725e-01 -3.368161000000000158e-04 -6.053360837086469104e+00 9.197784000000000298e-04 3.315629999999999966e-04 9.999995000000000411e-01 3.935096409947423126e+02
9.999854999999999716e-01 -5.335829000000000266e-03 -6.929259000000000330e-04 -7.662986200313618435e-01 5.335560999999999950e-03 9.999856999999999774e-01 -3.900620999999999733e-04 -6.053360837086469104e+00 6.949976000000000287e-04 3.863599000000000005e-04 9.999997000000000469e-01 3.935096409947423126e+02
9.999911999999999690e-01 -4.183305000000000010e-03 -3.813568999999999943e-04 -7.662986200313618435e-01 4.183202999999999921e-03 9.999911999999999690e-01 -2.705874999999999839e-04 -6.053360837086469104e+00 3.824858999999999898e-04 2.689904000000000123e-04 9.999999000000000526e-01 3.935096409947423126e+02
9.999957999999999902e-01 -2.891363000000000093e-03 -5.685946999999999790e-05 -7.662986200313618435e-01 2.891388999999999852e-03 9.999957000000000429e-01 4.518742999999999978e-04 -6.053360837086469104e+00 5.555303999999999760e-05 -4.520360000000000068e-04 9.999999000000000526e-01 3.935096409947423126e+02
9.999985000000000124e-01 -1.738504999999999998e-03 2.114522000000000081e-04 -7.662986200313618435e-01 1.738539000000000100e-03 9.999985000000000124e-01 -1.625975999999999897e-04 -6.053360837086469104e+00 -2.111689000000000036e-04 1.629656000000000106e-04 1.000000000000000000e+00 3.935096409947423126e+02
9.999995000000000411e-01 -8.743832999999999467e-04 4.812967999999999825e-04 -7.662986200313618435e-01 8.747432000000000514e-04 9.999993000000000354e-01 -7.476724999999999604e-04 -6.053360837086469104e+00 -4.806424000000000113e-04 7.480937000000000437e-04 9.999995999999999885e-01 3.935096409947423126e+02
9.999997000000000469e-01 -1.279522999999999913e-04 8.073791999999999558e-04 -7.662986200313618435e-01 1.284791000000000080e-04 9.999997999999999942e-01 -6.525093000000000039e-04 -6.053360837086469104e+00 -8.072952000000000426e-04 6.526134000000000492e-04 9.999995000000000411e-01 3.935096409947423126e+02
9.999987999999999655e-01 1.116543000000000006e-03 1.060919000000000011e-03 -7.662986200313618435e-01 -1.116826000000000017e-03 9.999993000000000354e-01 2.659664999999999751e-04 -6.053360837086469104e+00 -1.060621000000000090e-03 -2.671503000000000094e-04 9.999993999999999827e-01 3.935096409947423126e+02
9.999964000000000075e-01 2.241237999999999998e-03 1.452394999999999988e-03 -7.662986200313618435e-01 -2.242666999999999838e-03 9.999970000000000248e-01 9.825513000000000129e-04 -6.053360837086469104e+00 -1.450188999999999949e-03 -9.858041999999999153e-04 9.999985000000000124e-01 3.935096409947423126e+02
9.999940999999999969e-01 2.903367000000000014e-03 1.839558000000000035e-03 -7.662986200313618435e-01 -2.903950000000000194e-03 9.999957000000000429e-01 3.144579999999999901e-04 -6.053360837086469104e+00 -1.838636999999999954e-03 -3.197974000000000021e-04 9.999983000000000066e-01 3.935096409947423126e+02
9.999934999999999796e-01 2.925451999999999827e-03 2.091742000000000167e-03 -7.662986200313618435e-01 -2.926418000000000075e-03 9.999955999999999845e-01 4.584597000000000043e-04 -6.053360837086469104e+00 -2.090391000000000037e-03 -4.645772999999999743e-04 9.999976999999999894e-01 3.935096409947423126e+02
